0.11633;0.22876;-0.97314
5.49316;-9.39941;-0.42725
0.12585;0.23376;-0.99463
5.24902;-9.15527;1.40381
0.08557;0.21228;-0.95752
4.63867;-4.27246;1.22070
0.11475;0.24500;-0.96606
2.31934;2.62451;2.01416
0.11621;0.23743;-0.98730
1.34277;6.28662;2.86865
0.14319;0.22803;-0.98254
0.85449;6.04248;0.91553
0.15576;0.24292;-0.97534
2.99072;2.19727;2.19727
0.14563;0.24048;-1.00964
4.94385;-3.54004;-0.79346
0.16150;0.25891;-1.00049
7.20215;-9.76562;-1.64795
0.14526;0.27954;-1.00403
7.75146;-15.07568;-3.78418
0.11206;0.28735;-1.00623
8.23975;-21.42334;-4.82178
0.12964;0.28906;-1.01538
4.39453;-25.45166;-1.83105
0.10840;0.28894;-1.04126
5.06592;-30.27344;-4.33350
0.08435;0.30237;-1.01624
3.54004;-35.88867;-4.94385
0.04932;0.28699;-0.99438
1.64795;-39.24561;-2.13623
-0.14563;0.23596;-0.89819
-2.99072;-29.41895;3.47900
-0.19678;0.27563;-0.78601
-9.64355;-24.41406;14.09912
-0.31165;0.27185;-0.71460
-13.61084;-10.37598;1.95312
-0.37354;0.15454;-0.79810
-10.92529;3.60107;4.15039
-0.23901;0.14551;-0.90466
-8.05664;14.52637;7.08008
-0.07422;0.25891;-0.97046
-3.05176;17.15088;-1.58691
-0.05481;0.21106;-0.96655
-2.01416;22.76611;-8.78906
-0.11719;0.21045;-0.92505
-1.09863;24.41406;-9.15527
-0.03247;0.21802;-0.93628
-1.70898;34.42383;-4.45557
-0.02100;0.19446;-1.01892
-2.25830;37.65869;-6.10352
0.07605;0.24451;-1.06860
1.15967;39.12354;7.50732
0.14246;0.26831;-1.03381
-2.92969;38.02490;13.12256
0.20410;0.23425;-1.08044
2.56348;31.98242;5.31006
0.23206;0.34216;-1.02197
-2.13623;23.31543;2.56348
0.15649;0.14014;-0.98730
-3.05176;10.31494;-0.18311
0.18909;0.21655;-0.97888
1.95312;2.07520;0.18311
0.18201;0.21960;-1.00049
2.74658;-5.00488;-4.27246
0.18384;0.22266;-1.01636
6.53076;-17.08984;-7.99561
0.13879;0.27112;-1.01807
9.15527;-27.95410;-0.48828
0.17078;0.31372;-1.02307
7.26318;-32.83691;1.64795
0.10278;0.26697;-1.02734
3.11279;-33.63037;-2.44141
0.05457;0.23364;-0.99194
1.95312;-35.46143;-4.88281
0.04968;0.23792;-0.96741
1.64795;-36.62109;-3.72314
-0.07581;0.25952;-0.91003
1.34277;-33.69141;-4.69971
-0.12402;0.22339;-0.95276
0.18311;-26.12305;1.52588
-0.05896;0.31335;-0.95117
0.30518;-19.34814;6.65283
-0.16235;0.21631;-0.90649
-1.70898;-11.53564;3.96729
-0.19373;0.22302;-0.90295
-2.44141;-7.62939;6.53076
-0.25208;0.23230;-0.86279
-2.86865;-4.76074;2.68555
-0.21973;0.25073;-0.89758
-1.46484;-1.52588;1.03760
-0.28833;0.21057;-0.86096
-1.64795;4.57764;-2.07520
-0.25037;0.25891;-0.86230
-0.36621;14.09912;-8.66699
-0.14880;0.18188;-0.90552
0.61035;20.62988;-14.09912
-0.15234;0.18188;-0.94653
-0.91553;25.26855;-11.23047
0.00891;0.34155;-0.99280
3.90625;32.59277;-0.30518
-0.04114;0.24146;-0.96790
-1.83105;33.81348;-6.40869
-0.03772;0.23792;-1.01184
-3.29590;31.55518;5.85938
0.02832;0.23474;-1.00110
-3.72314;33.56934;8.72803
0.03955;0.21484;-0.99976
-1.70898;33.87451;10.43701
0.09033;0.26758;-1.00757
0.18311;32.59277;8.54492
0.18176;0.27222;-1.01074
-1.40381;28.99170;9.27734
0.18811;0.26099;-1.04016
-0.67139;24.78027;7.01904
0.16614;0.23132;-0.99194
-0.73242;14.28223;2.68555
0.17578;0.21411;-0.98853
0.06104;3.90625;-1.34277
0.18311;0.22327;-0.99072
2.74658;-4.33350;-2.50244
0.16528;0.24890;-1.00928
4.88281;-12.69531;-4.39453
0.14465;0.25391;-1.01160
6.77490;-20.62988;-0.73242
0.17175;0.23242;-1.05884
9.21631;-30.09033;1.52588
0.12585;0.34326;-0.94373
5.37109;-32.28760;-4.21143
0.06311;0.28040;-0.95984
2.92969;-32.22656;-9.27734
-0.02429;0.23730;-0.91943
1.52588;-25.08545;-0.18311
-0.01526;0.27368;-0.97668
0.18311;-22.52197;-4.45557
0.01831;0.26709;-1.04553
1.83105;-24.78027;-6.22559
0.01245;0.28906;-1.02783
-0.00000;-23.80371;-0.18311
-0.14380;0.24976;-0.87769
-3.72314;-20.44678;7.93457
-0.25867;0.23645;-0.80652
-4.82178;-14.58740;11.10840
-0.31421;0.16724;-0.86731
-3.05176;-6.34766;5.73730
-0.18518;0.24255;-0.93042
0.91553;-0.30518;-0.06104
-0.21790;0.25391;-0.89294
2.44141;5.37109;-3.96729
-0.14258;0.25513;-0.95923
2.68555;10.19287;-5.31006
-0.09131;0.30042;-0.95752
1.77002;10.13184;-4.15039
-0.11768;0.25818;-0.95825
0.42725;11.84082;-3.72314
-0.11792;0.25940;-0.94458
-0.36621;31.00586;-0.73242
-0.23584;0.20691;-0.87048
-2.31934;20.87402;-1.89209
-0.07532;0.26318;-0.90845
-2.01416;27.95410;2.19727
-0.05750;0.16992;-0.93726
-5.67627;32.65381;-0.79346
0.07312;0.26892;-0.97217
-5.61523;33.50830;7.01904
0.15869;0.23694;-1.00452
-5.67627;36.19385;5.43213
0.12561;0.28748;-1.03503
-2.99072;38.08594;11.96289
0.20789;0.22205;-1.03247
-3.90625;34.42383;9.03320
0.21960;0.30420;-1.02856
-2.07520;30.21240;11.35254
0.22913;0.23425;-0.98560
-3.84521;15.99121;1.58691
0.19031;0.17688;-0.98206
-0.79346;8.30078;2.19727
0.21924;0.22205;-0.96021
1.03760;0.48828;-0.18311
0.19910;0.20947;-0.98718
2.62451;-4.33350;-1.40381
0.21509;0.22485;-1.00012
3.84521;-14.28223;-3.05176
0.21411;0.23987;-1.01038
7.44629;-25.87891;-6.65283
0.17480;0.30957;-1.00916
7.26318;-33.75244;-7.62939
0.14392;0.28015;-1.02588
4.57764;-33.87451;-9.94873
0.05750;0.27673;-1.01270
6.10352;-32.53174;-10.68115
0.01904;0.25940;-0.99329
7.01904;-31.43311;-11.04736
-0.02808;0.24561;-1.00049
8.36182;-27.58789;-8.17871
0.04480;0.30566;-1.00073
7.01904;-29.66309;4.82178
-0.01135;0.33069;-0.90625
2.99072;-24.90234;1.70898
-0.23438;0.23291;-0.84229
-2.38037;-18.18848;5.43213
-0.26221;0.26697;-0.80627
-1.46484;-9.46045;6.53076
-0.28101;0.20703;-0.86560
-0.30518;-0.85449;-0.54932
-0.24158;0.22986;-0.88635
-0.85449;7.69043;-4.45557
-0.07874;0.30017;-0.95605
0.42725;11.90186;-1.70898
-0.07507;0.30139;-0.95667
-0.12207;15.80811;-4.33350
-0.09644;0.27356;-0.95825
-0.48828;18.61572;-2.68555
-0.04333;0.29663;-0.95850
0.97656;22.64404;-0.24414
-0.08936;0.21362;-0.90576
-1.58691;27.64893;-5.73730
-0.07910;0.22864;-0.91431
-1.22070;31.12793;3.54004
0.00098;0.26990;-0.87988
-5.06592;33.44727;8.42285
0.09863;0.25354;-1.00598
-7.50732;38.63525;14.83154
0.13293;0.31006;-1.00061
-8.54492;43.15186;21.85059
0.28650;0.26013;-1.04602
-8.11768;37.96387;7.62939
0.26245;0.31750;-0.99841
-4.63867;30.76172;3.29590
0.22144;0.16956;-0.98816
-12.39014;17.51709;-1.58691
0.26294;0.20728;-0.98145
2.44141;4.57764;2.68555
0.22131;0.21008;-0.97083
3.29590;-6.16455;-2.86865
0.26477;0.21216;-0.99243
6.89697;-14.64844;-2.13623
0.19421;0.27161;-0.98291
7.14111;-25.63477;-2.38037
0.14417;0.27478;-0.98816
9.33838;-30.15137;-6.95801
0.14856;0.26611;-0.97131
7.93457;-28.32031;-7.50732
0.12329;0.27759;-1.01038
5.61523;-26.48926;-8.91113
0.04187;0.27441;-0.98694
4.08936;-26.24512;-6.34766
0.08911;0.29846;-1.00769
2.19727;-26.97754;-2.68555
0.04626;0.32251;-1.01147
2.99072;-28.56445;-5.06592
0.01624;0.31067;-0.99280
4.15039;-31.18896;-3.29590
0.00427;0.29871;-0.95557
2.80762;-28.62549;0.61035
-0.12439;0.26050;-0.89038
-0.85449;-20.87402;-0.85449
-0.30469;0.25977;-0.77722
-3.17383;-15.86914;-0.67139
-0.30579;0.20679;-0.85046
-3.11279;-4.33350;2.31934
-0.19116;0.26599;-0.90771
-2.25830;1.64795;2.86865
-0.15027;0.27051;-0.93347
-2.25830;4.88281;-2.44141
-0.12744;0.27039;-0.94543
-1.70898;7.44629;-0.97656
-0.12915;0.26624;-0.95032
-1.64795;8.85010;-3.29590
-0.13452;0.26868;-0.91821
0.30518;13.42773;-2.80762
-0.11267;0.23230;-0.93726
0.91553;16.72363;-4.08936
-0.11804;0.25940;-0.87708
-0.24414;24.53613;-2.25830
-0.03259;0.24792;-0.96533
-4.27246;27.58789;1.77002
0.00696;0.27417;-0.98120
-4.45557;31.55518;7.14111
0.02502;0.24133;-0.94763
-5.98145;33.50830;5.85938
0.06934;0.21777;-0.98535
-4.08936;35.82764;13.12256
0.11389;0.28992;-1.01929
-2.50244;40.22217;18.61572
0.23926;0.30334;-1.00830
-7.20215;43.51807;12.32910
0.29395;0.31311;-1.02466
-10.43701;30.94482;0.36621
0.23767;0.14648;-1.00232
-6.28662;13.30566;2.68555
0.23035;0.21130;-0.99756
3.05176;1.34277;1.15967
0.21021;0.21924;-0.96448
2.74658;-4.69971;-2.19727
0.18689;0.24548;-0.97400
2.74658;-8.30078;-3.35693
0.18384;0.22473;-0.97534
4.08936;-9.64355;-2.56348
0.14893;0.24805;-0.96082
4.39453;-9.70459;-0.67139
0.16846;0.24524;-0.98340
4.57764;-11.10840;-2.01416
0.16858;0.26465;-0.99146
5.37109;-14.40430;-3.35693
0.13806;0.27039;-0.99060
5.00488;-17.88330;-5.98145
0.12402;0.27917;-0.98975
3.96729;-20.56885;-7.69043
0.08386;0.26428;-0.98279
2.74658;-21.66748;-5.37109
0.06384;0.26831;-0.98621
3.23486;-23.86475;-5.24902
0.07227;0.26416;-0.99133
2.01416;-23.62061;-6.77490
0.02991;0.29260;-0.98608
2.56348;-23.98682;-4.51660
0.02417;0.26770;-0.99304
1.34277;-24.53613;-5.37109
-0.04126;0.28125;-0.94556
2.80762;-24.10889;-2.86865
-0.11230;0.25635;-0.89758
0.85449;-18.00537;1.46484
-0.20544;0.24438;-0.85706
-0.00000;-12.26807;-2.19727
-0.23059;0.25134;-0.85974
-0.48828;-4.76074;-4.02832
-0.20569;0.21863;-0.88940
-2.31934;3.60107;-2.31934
-0.15369;0.24854;-0.92041
-2.74658;8.85010;-1.46484
-0.12451;0.24841;-0.94055
-2.01416;12.08496;-3.60107
-0.05762;0.29602;-0.96936
-0.36621;17.21191;-1.28174
-0.07678;0.26111;-0.93896
1.40381;24.10889;-8.97217
-0.07617;0.20215;-0.96069
2.50244;25.45166;-4.15039
0.00049;0.30920;-0.93323
-0.18311;26.91650;2.07520
0.01599;0.24072;-0.96606
-5.06592;30.27344;5.37109
0.05347;0.24622;-0.99817
-4.88281;29.90723;14.34326
0.08862;0.25635;-0.97375
-6.10352;32.16553;15.38086
0.11206;0.27112;-0.97229
-7.87354;32.28760;11.10840
0.18933;0.26318;-0.98145
-9.94873;29.96826;6.71387
0.24036;0.26025;-1.04810
-9.82666;19.83643;-0.36621
0.20227;0.16248;-1.01636
-4.94385;4.88281;-3.72314
0.18945;0.21680;-0.95764
1.09863;-1.28174;0.91553
0.17151;0.20288;-0.98120
1.64795;-5.98145;-2.25830
0.17993;0.22766;-0.98889
4.15039;-7.08008;-0.67139
0.16492;0.21594;-0.99207
5.12695;-13.67188;-4.02832
0.12378;0.23108;-0.99731
7.69043;-18.55469;15.01465
0.13855;0.27039;-0.98840
7.26318;-22.03369;0.97656
0.14709;0.28735;-1.02173
6.46973;-26.61133;1.77002
0.11230;0.30896;-1.02979
3.78418;-30.88379;-2.99072
0.08362;0.24658;-1.04041
2.07520;-32.04346;-11.10840
0.00012;0.25330;-0.99451
4.51660;-33.38623;-4.82178
-0.03442;0.27783;-0.93726
1.03760;-29.78516;1.34277
-0.10022;0.24976;-0.92969
-0.85449;-21.66748;1.34277
-0.08545;0.25940;-0.95898
0.30518;-17.57812;0.61035
-0.16724;0.27576;-0.86438
0.48828;-10.13184;2.01416
-0.27771;0.21362;-0.83667
-1.28174;-3.54004;0.12207
-0.26978;0.21265;-0.84070
-1.22070;1.52588;2.56348
-0.16211;0.23706;-0.93237
-1.52588;7.81250;0.36621
-0.01440;0.30713;-1.02173
2.38037;10.80322;-1.89209
-0.04236;0.28235;-1.00171
3.78418;9.03320;-2.92969
-0.10718;0.25342;-0.94189
-0.30518;4.39453;-1.89209
-0.16711;0.24817;-0.89111
-1.58691;7.20215;-1.64795
-0.17542;0.18311;-0.88196
-3.84521;14.03809;-1.64795
-0.10413;0.22351;-0.91833
-2.07520;26.79443;7.93457
0.06287;0.27148;-0.99744
1.34277;32.71484;14.03809
0.01758;0.23096;-0.93689
-3.66211;33.32520;4.39453
0.06860;0.31458;-1.00818
-5.43213;33.93555;8.42285
0.10376;0.25854;-1.00391
-7.81250;36.56006;8.11768
0.17847;0.27979;-1.05969
-6.46973;39.30664;8.85010
0.23584;0.29199;-1.03003
-6.10352;33.44727;7.62939
0.17920;0.19592;-0.98706
-9.03320;22.39990;1.46484
0.22925;0.19678;-0.99805
-2.13623;11.65771;3.54004
0.20752;0.19873;-0.97095
-0.91553;3.29590;0.18311
0.21667;0.20435;-0.96362
2.99072;-3.84521;-1.83105
0.19324;0.20984;-0.98157
4.45557;-9.52148;-3.05176
0.21448;0.22449;-0.99207
6.46973;-14.58740;-2.62451
0.17114;0.23499;-1.00317
9.76562;-24.41406;-3.17383
0.19360;0.28796;-1.02039
8.23975;-32.47070;-3.54004
0.16760;0.30994;-1.00659
2.25830;-34.79004;-10.92529
0.08826;0.24072;-0.99219
3.23486;-33.38623;-16.11328
0.03809;0.21851;-0.96533
5.79834;-28.99170;-7.81250
-0.06189;0.26672;-0.96753
5.18799;-23.31543;-6.65283
0.00012;0.26184;-0.97998
6.16455;-19.53125;-6.40869
-0.05286;0.28369;-0.98169
6.89697;-19.16504;-9.52148
-0.09241;0.31018;-0.94141
5.31006;-15.99121;-8.23975
-0.14893;0.27747;-0.87061
1.15967;-11.71875;-2.13623
-0.29016;0.21680;-0.81384
-4.27246;-5.55420;-1.52588
-0.27039;0.22083;-0.83032
-4.39453;2.99072;6.65283
-0.13525;0.22815;-0.94910
-3.11279;10.13184;4.63867
-0.03259;0.30432;-1.00049
-0.06104;12.02393;1.83105
-0.05774;0.27258;-0.99341
0.06104;11.71875;-1.70898
-0.07849;0.27112;-0.94934
-1.70898;10.19287;-4.21143
-0.12134;0.24988;-0.91455
-1.46484;13.54980;-0.97656
-0.10388;0.20154;-0.93176
-3.96729;19.16504;-1.22070
-0.03210;0.29480;-0.95203
-1.58691;26.55029;4.57764
-0.01526;0.24805;-0.91895
-4.57764;32.53174;0.42725
0.03052;0.24402;-0.97876
-5.61523;36.62109;7.38525
0.08435;0.25732;-0.98730
-6.71387;40.10010;14.77051
0.13904;0.26123;-1.00940
-6.65283;43.02979;14.46533
0.25928;0.37671;-1.05579
-7.62939;42.66357;20.32471
0.27917;0.19336;-0.99597
-9.94873;25.69580;3.96729
0.24133;0.15710;-0.97485
-2.74658;11.29150;3.29590
0.25354;0.19055;-0.97229
3.23486;-1.46484;-0.61035
0.22034;0.21875;-0.96667
6.59180;-8.36182;-2.31934
0.19763;0.22107;-0.98999
4.57764;-16.05225;-4.82178
0.18530;0.22754;-0.98755
7.93457;-23.92578;-3.47900
0.17859;0.27148;-0.99207
9.58252;-28.38135;-6.59180
0.15784;0.30518;-0.99902
6.59180;-28.80859;-5.55420
0.09705;0.28503;-1.01392
3.84521;-28.01514;-10.68115
0.09851;0.28174;-1.01636
2.86865;-28.07617;-7.62939
0.05249;0.25891;-1.00854
4.51660;-29.29688;-6.46973
0.02893;0.28748;-0.97876
4.51660;-30.70068;-2.07520
-0.05835;0.26343;-0.92896
2.80762;-28.99170;-4.39453
-0.06152;0.24866;-0.95862
0.54932;-22.27783;3.17383
-0.16272;0.28284;-0.85168
-0.00000;-16.84570;1.77002
-0.27820;0.18188;-0.83459
-1.64795;-7.99561;2.07520
-0.23438;0.24878;-0.85925
-0.91553;-1.83105;-0.79346
-0.13562;0.24243;-0.94373
-0.18311;6.28662;-1.22070
-0.06836;0.29150;-0.99438
1.22070;6.89697;-2.38037
-0.09412;0.25415;-0.96558
-0.24414;8.05664;-4.63867
-0.12219;0.27344;-0.93872
-1.34277;10.43701;-1.70898
-0.11963;0.23474;-0.92883
-1.83105;14.52637;0.85449
-0.10266;0.25574;-0.92651
-2.50244;19.71436;1.89209
-0.05798;0.21594;-0.95312
-2.99072;24.96338;1.34277
-0.05872;0.25720;-0.95410
-2.74658;29.78516;-1.70898
0.02100;0.27539;-0.94885
-1.89209;35.70557;2.38037
0.07068;0.29199;-0.97192
-6.65283;37.29248;4.02832
0.12000;0.24390;-1.00439
-7.44629;41.01562;15.07568
0.17627;0.24231;-1.00439
-8.97217;40.22217;14.09912
0.29810;0.33020;-1.01514
-8.05664;33.87451;13.54980
0.22998;0.18591;-1.00586
-8.17871;18.55469;1.95312
0.22742;0.19519;-0.96338
-0.97656;10.74219;4.82178
0.23877;0.20203;-0.97363
2.07520;3.23486;1.58691
0.20532;0.21631;-0.95264
2.68555;-2.68555;-3.05176
0.25903;0.18262;-1.00793
6.65283;-14.64844;-8.05664
0.20081;0.20715;-0.98596
7.20215;-20.99609;-4.33350
0.18774;0.23840;-1.00989
9.64355;-30.39551;-4.39453
0.13110;0.30811;-0.98572
9.21631;-31.79932;-4.63867
0.11597;0.29321;-1.00378
5.06592;-27.95410;-6.34766
0.05737;0.26575;-0.99292
2.74658;-23.49854;-6.65283
0.03845;0.24512;-0.96912
3.23486;-18.55469;-4.69971
0.00073;0.27795;-0.96741
3.29590;-15.62500;-5.24902
0.00574;0.26868;-0.98401
2.13623;-15.44189;-4.94385
0.02161;0.29956;-0.97412
2.44141;-15.31982;-0.97656
-0.03369;0.27136;-0.94226
2.25830;-13.36670;-2.74658
-0.06873;0.23218;-0.95532
0.85449;-6.28662;-1.70898
-0.06873;0.28552;-0.93042
1.58691;-1.46484;1.22070
-0.12732;0.24561;-0.89868
-2.62451;10.25391;8.48389
-0.07495;0.25269;-0.93359
-2.31934;14.70947;16.41846
-0.05884;0.25159;-0.92578
-2.07520;16.35742;10.74219
-0.04639;0.22913;-0.94299
-0.54932;15.56396;11.59668
-0.02185;0.24512;-0.90369
-0.67139;15.68604;7.14111
-0.05798;0.21973;-0.85962
-2.19727;17.57812;-0.30518
-0.04749;0.18982;-0.87830
-5.49316;26.48926;4.94385
0.08276;0.23047;-0.92151
-7.62939;34.54590;7.75146
0.26917;0.17407;-1.05261
-8.72803;36.25488;7.14111
0.54114;0.73547;-1.27173
-0.42725;26.00098;2.50244
0.22937;0.17688;-0.98645
-18.98193;17.21191;-4.33350
0.16541;0.12280;-0.98340
-1.89209;6.95801;2.13623
0.21411;0.25305;-0.95227
2.62451;0.54932;1.58691
0.17151;0.21960;-0.97131
0.30518;-0.85449;-0.12207
0.20532;0.20886;-0.96960
-0.06104;-2.74658;-1.70898
0.17688;0.22290;-0.98608
1.46484;-7.01904;-3.47900
0.21399;0.20728;-0.99841
4.88281;-9.39941;1.34277
0.22107;0.25818;-1.01221
7.14111;-21.85059;-1.28174
0.21423;0.30396;-1.04285
6.53076;-27.52686;-3.47900
0.11853;0.30493;-1.02527
5.85938;-29.47998;-6.16455
0.09216;0.25012;-0.97095
3.35693;-28.07617;-6.40869
0.02881;0.21460;-0.96497
3.17383;-27.95410;-3.84521
0.04529;0.26111;-0.97681
4.45557;-30.76172;-2.25830
0.01526;0.27612;-0.96326
3.96729;-33.26416;-5.79834
-0.08643;0.23840;-0.91321
2.19727;-30.94482;-2.38037
-0.23718;0.22632;-0.82080
-0.48828;-24.47510;-0.73242
-0.30164;0.19641;-0.83862
-3.60107;-11.59668;-2.92969
-0.18799;0.21558;-0.92163
-0.67139;-1.83105;-4.45557
-0.08081;0.26282;-1.00903
1.89209;-1.58691;-8.85010
-0.12378;0.28015;-0.97852
1.95312;-1.64795;-5.79834
-0.13330;0.27771;-0.95447
0.54932;-0.67139;2.07520
-0.22913;0.23120;-0.88684
-0.36621;8.66699;0.79346
-0.19873;0.19836;-0.90247
0.12207;17.57812;0.36621
-0.16492;0.24841;-0.86633
-0.30518;30.02930;0.00000
-0.08838;0.26379;-0.92273
-0.00000;39.55078;12.45117
-0.04187;0.17554;-0.98035
-1.03760;48.09570;14.34326
0.10388;0.30200;-0.94287
-9.03320;51.57471;17.39502
0.09912;0.25586;-1.06079
-14.46533;54.26025;1.89209
0.31482;0.42249;-1.05029
-15.13672;40.64941;10.55908
0.25049;0.20557;-1.05945
-17.21191;21.91162;-1.46484
0.20715;0.11462;-0.99854
-2.25830;2.56348;2.31934
0.19617;0.21118;-0.96643
4.76074;-7.08008;2.56348
0.16748;0.20740;-0.99683
5.67627;-9.27734;-2.50244
0.19751;0.21057;-1.03284
9.39941;-16.23535;0.97656
0.15076;0.23767;-0.99646
12.02393;-21.97266;2.99072
0.16736;0.27112;-1.01221
10.92529;-26.55029;1.40381
0.17261;0.29199;-0.99866
5.67627;-29.72412;-6.04248
0.10620;0.26428;-0.98291
2.38037;-33.14209;-5.67627
0.04236;0.20483;-1.03125
4.33350;-37.84180;-5.61523
0.08008;0.28662;-1.04944
8.17871;-43.76221;-8.17871
-0.04871;0.25244;-0.92444
5.92041;-49.19434;-20.20264
-0.36951;0.22351;-0.67285
-4.76074;-30.70068;-6.04248
-0.41992;0.16907;-0.75842
-6.46973;-11.47461;1.40381
-0.17896;0.18359;-0.98425
-3.47900;3.23486;0.00000
-0.05249;0.33118;-1.04785
2.01416;5.18799;-4.51660
-0.15466;0.26135;-0.96375
2.31934;5.79834;-4.57764
-0.17932;0.23621;-0.94507
-0.06104;6.65283;0.36621
-0.14795;0.25293;-0.94092
0.61035;8.97217;2.86865
-0.16589;0.23669;-0.93774
1.03760;12.39014;-1.95312
-0.16980;0.22620;-0.92773
0.61035;17.39502;-0.79346
-0.11792;0.25964;-0.93652
-0.54932;22.52197;3.17383
-0.10315;0.25818;-0.93860
0.06104;27.70996;5.12695
-0.08215;0.25757;-0.94580
-1.70898;31.55518;4.08936
-0.06519;0.18994;-0.90027
-5.79834;37.35352;7.44629
-0.00256;0.21924;-0.96289
-9.09424;45.77637;9.70459
0.10376;0.22644;-1.00183
-11.16943;53.16162;21.85059
0.18286;0.26111;-1.03723
-17.08984;55.29785;18.61572
0.40271;0.29749;-1.21179
-9.64355;26.97754;1.03760
0.23145;0.21753;-1.01147
-6.28662;7.99561;2.13623
0.22803;0.13721;-0.99438
3.17383;-3.84521;-2.74658
0.18298;0.20825;-0.97461
9.09424;-8.30078;0.18311
0.16638;0.20129;-0.97412
7.56836;-9.76562;-3.90625
0.15771;0.20813;-0.97766
8.78906;-8.85010;-1.58691
0.16577;0.22607;-1.00061
10.13184;-13.61084;1.09863
0.20801;0.25537;-1.03723
12.45117;-22.94922;1.15967
0.18164;0.30835;-1.00916
11.35254;-30.45654;-15.38086
0.11780;0.24597;-1.00842
5.92041;-33.75244;-9.39941
0.04468;0.28137;-0.98901
5.12695;-35.64453;-7.26318
-0.00012;0.25952;-0.99658
5.37109;-36.13281;-3.35693
0.00793;0.27405;-0.99597
5.18799;-38.14697;-7.93457
-0.01624;0.21948;-0.99939
5.00488;-40.10010;2.31934
-0.18799;0.37561;-0.73279
1.22070;-35.33936;-8.42285
-0.39319;0.15259;-0.78589
-2.44141;-19.77539;-19.53125
-0.31018;0.18433;-0.87256
-1.15967;-4.15039;-0.85449
-0.16663;0.31335;-0.97656
-2.44141;1.40381;-5.00488
-0.12207;0.29370;-1.01221
-1.40381;6.59180;-1.46484
-0.21387;0.27307;-0.91321
-2.38037;8.66699;-2.38037
-0.18176;0.25269;-0.93640
-0.97656;13.73291;0.06104
-0.22083;0.21411;-0.89478
-1.46484;18.43262;-3.84521
-0.17017;0.22351;-0.92859
-1.03760;23.62061;1.58691
-0.08020;0.25513;-0.95044
-0.18311;28.62549;0.79346
-0.04761;0.20996;-0.99548
-1.03760;29.66309;-11.04736
-0.07715;0.29785;-0.90027
1.95312;33.93555;-4.27246
-0.00842;0.28967;-0.92700
-7.20215;37.53662;5.98145
0.01282;0.17847;-0.99951
-7.20215;40.95459;9.52148
0.09094;0.23450;-0.98877
-7.69043;42.48047;16.17432
0.21179;0.27234;-0.97095
-13.36670;37.96387;7.08008
0.27393;0.24951;-1.15088
-8.60596;26.18408;7.75146
0.24390;0.22449;-0.97900
-8.97217;9.46045;3.96729
0.18933;0.12390;-1.01306
0.12207;-2.80762;-1.28174
0.17578;0.21753;-0.98352
6.46973;-10.07080;-0.54932
0.12537;0.21350;-0.98047
7.62939;-12.51221;-2.50244
0.12939;0.22986;-0.98901
7.56836;-13.12256;0.30518
0.14563;0.24939;-1.00647
8.54492;-14.58740;-2.07520
0.11523;0.25220;-1.00952
9.94873;-19.53125;-0.12207
0.18054;0.27515;-1.04749
8.85010;-28.19824;-11.16943
0.09375;0.26062;-1.00842
9.03320;-31.37207;-6.71387
0.05017;0.31274;-0.99756
6.46973;-36.07178;-1.34277
0.01172;0.27649;-0.96594
4.45557;-35.03418;0.18311
-0.00903;0.30652;-0.93420
4.88281;-35.52246;4.94385
-0.18347;0.24683;-0.85205
0.36621;-30.21240;-4.33350
-0.28931;0.25562;-0.75635
-3.17383;-21.17920;-3.29590
-0.34717;0.10962;-0.85291
-7.08008;-6.53076;1.15967
-0.03101;0.32922;-1.06238
0.36621;1.28174;9.76562
-0.12708;0.26282;-0.99731
5.67627;6.34766;-3.72314
-0.17310;0.27246;-0.91614
5.31006;8.66699;2.01416
-0.17969;0.27124;-0.90552
2.56348;12.93945;-0.91553
-0.16309;0.27612;-0.90625
1.77002;13.61084;-0.36621
-0.12683;0.26978;-0.93469
-1.15967;16.47949;-2.13623
-0.10278;0.29016;-0.94397
-1.58691;20.38574;0.61035
-0.09741;0.25476;-0.94006
-3.66211;23.55957;0.67139
-0.05908;0.24634;-0.91016
-4.57764;28.56445;5.24902
-0.06311;0.24878;-0.91980
-5.79834;31.55518;5.73730
-0.00330;0.19995;-0.95386
-5.43213;37.29248;16.41846
0.08997;0.28540;-0.93225
-9.09424;43.21289;16.90674
0.17371;0.29675;-1.03772
-16.66260;50.04883;9.33838
0.23291;0.37366;-1.11890
-20.44678;43.33496;6.46973
0.28821;0.07825;-1.00098
-19.53125;22.70508;5.06592
0.27649;0.09351;-1.01831
2.99072;-0.12207;0.67139
0.22119;0.20789;-0.97888
9.39941;-6.65283;1.03760
0.19897;0.20813;-0.98071
4.63867;-11.41357;-3.54004
0.15784;0.19519;-0.99695
7.38525;-13.54980;-0.12207
0.17444;0.20557;-1.01050
9.15527;-18.85986;-0.73242
0.16736;0.26453;-1.00024
9.21631;-21.36230;-1.95312
0.15088;0.25586;-1.02368
10.19287;-27.16064;-2.31934
0.12866;0.24341;-1.01099
6.28662;-32.28760;-6.04248
0.03845;0.25415;-0.99658
6.59180;-36.74316;-13.24463
0.01196;0.29749;-0.98267
5.67627;-35.58350;-10.43701
0.01965;0.29431;-1.02087
7.69043;-37.17041;-11.04736
0.02759;0.30029;-0.97827
9.27734;-39.61182;-14.95361
-0.26624;0.22473;-0.82019
3.72314;-31.73828;-11.77979
-0.37891;0.27734;-0.74548
0.18311;-17.82227;1.40381
-0.34851;0.12781;-0.82861
-2.56348;-4.21143;0.12207
-0.08813;0.33911;-1.03027
3.72314;3.05176;2.50244
-0.13721;0.28259;-0.99805
5.98145;8.48389;-5.43213
-0.18286;0.30933;-0.90015
2.56348;9.33838;-0.36621
-0.18652;0.26306;-0.90649
-1.46484;11.41357;1.70898
-0.16113;0.27405;-0.91492
-1.58691;13.91602;0.00000
-0.15393;0.24854;-0.93713
-2.38037;16.23535;-0.79346
-0.15417;0.25378;-0.93152
-3.54004;20.93506;-4.08936
-0.06982;0.29785;-0.92566
-2.86865;30.82275;2.13623
-0.06628;0.22461;-0.93713
-6.59180;34.30176;1.89209
-0.04541;0.26086;-0.92102
-8.97217;34.54590;11.35254
0.03845;0.24023;-0.97925
-9.27734;37.29248;9.27734
0.06970;0.23804;-0.97253
-9.52148;42.66357;11.47461
0.17542;0.26819;-1.02771
-13.48877;45.34912;3.78418
0.25610;0.35315;-1.06189
-19.22607;39.48975;6.28662
0.24243;0.06714;-1.02393
-12.57324;13.18359;1.28174
0.22693;0.15662;-1.01282
5.61523;-2.44141;4.02832
0.21387;0.20483;-0.99023
10.37598;-13.30566;1.52588
0.14001;0.21143;-0.99866
11.96289;-23.62061;-2.25830
0.14099;0.25061;-0.99280
11.47461;-26.36719;0.61035
0.13232;0.26855;-1.01001
10.80322;-26.42822;1.58691
0.15308;0.26221;-1.02100
6.59180;-27.89307;-2.99072
0.04431;0.27490;-0.97058
5.55420;-27.28271;-4.76074
0.00903;0.26538;-0.96521
2.99072;-26.12305;-5.37109
-0.07520;0.19849;-0.95178
1.64795;-25.26855;-1.09863
0.02197;0.29675;-0.97522
3.35693;-29.17480;-0.85449
0.00037;0.29089;-0.99573
5.24902;-33.20312;-12.08496
-0.02820;0.26135;-0.99878
5.85938;-36.07178;-9.64355
-0.33875;0.25940;-0.76514
2.25830;-26.79443;-9.09424
-0.36926;0.19458;-0.82483
-0.79346;-7.14111;4.76074
-0.26709;0.17346;-0.94360
-0.73242;3.23486;-1.83105
-0.10242;0.34082;-0.95984
4.02832;12.63428;2.80762
-0.19092;0.25977;-0.93115
-0.18311;12.32910;0.67139
-0.14148;0.30615;-0.92432
-2.56348;13.54980;3.35693
-0.14111;0.22498;-0.96228
-1.64795;15.56396;3.72314
-0.11780;0.25867;-0.95349
-0.42725;18.49365;0.00000
-0.12830;0.24524;-0.93201
0.73242;24.47510;-3.78418
-0.08545;0.24878;-0.90149
-0.97656;29.78516;1.09863
-0.06689;0.25244;-0.88818
-5.55420;34.05762;4.08936
0.01013;0.26807;-0.95386
-8.30078;34.79004;10.43701
0.03015;0.22632;-0.97705
-8.17871;38.69629;11.35254
0.06982;0.23120;-0.96423
-10.31494;43.70117;12.51221
0.23120;0.34241;-1.07410
-10.37598;40.40527;11.35254
0.28186;0.33630;-1.04773
-14.70947;24.78027;1.28174
0.21057;0.11267;-1.02466
-7.81250;10.43701;-0.67139
0.23474;0.17896;-1.01208
5.67627;-6.77490;-2.19727
0.18738;0.20691;-1.00269
12.93945;-19.89746;-4.33350
0.13574;0.25500;-1.00623
13.54980;-29.47998;-4.51660
0.11389;0.30017;-0.99304
12.75635;-28.44238;0.85449
0.08875;0.25562;-1.01575
7.62939;-28.19824;-6.83594
0.06848;0.25549;-1.00085
7.69043;-27.09961;-3.54004
0.03833;0.26538;-1.01025
9.64355;-31.49414;-13.36670
0.00818;0.22388;-0.97888
11.59668;-35.88867;-17.94434
-0.12695;0.33130;-0.88672
6.83594;-33.26416;-8.60596
-0.16309;0.29077;-0.87744
2.25830;-27.89307;-9.82666
-0.19727;0.29224;-0.87122
-2.19727;-18.00537;-6.28662
-0.18518;0.23059;-0.90881
-3.23486;-9.58252;0.61035
-0.14941;0.29590;-0.96912
-1.15967;-7.14111;1.77002
-0.14661;0.29175;-0.96802
2.38037;-2.38037;0.24414
-0.21912;0.25366;-0.90295
1.09863;1.03760;-0.48828
-0.25317;0.25513;-0.85974
-0.61035;6.83594;0.91553
-0.19702;0.26562;-0.90649
-1.40381;14.16016;3.66211
-0.13965;0.27734;-0.93103
-1.58691;19.59229;3.35693
-0.12695;0.27112;-0.93408
-2.38037;23.62061;2.99072
-0.10522;0.27161;-0.92944
-4.51660;27.77100;3.47900
-0.09558;0.25232;-0.91931
-6.89697;29.96826;2.74658
-0.07166;0.22925;-0.94275
-7.87354;33.26416;12.87842
0.00513;0.25183;-0.96814
-8.42285;38.39111;10.43701
0.05151;0.25488;-0.98694
-9.94873;48.33984;16.41846
0.17969;0.36572;-1.04224
-16.66260;54.44336;15.80811
0.25867;0.29016;-1.05627
-20.20264;41.13770;10.98633
0.26477;0.10400;-1.04187
-9.94873;12.39014;2.80762
0.22546;0.15845;-1.01306
6.16455;-5.79834;-2.68555
0.19043;0.20813;-0.99316
12.02393;-17.39502;-1.28174
0.15161;0.25879;-0.98511
12.26807;-25.20752;-3.72314
0.15076;0.26624;-0.99072
10.80322;-24.29199;-2.44141
0.12073;0.26562;-1.00635
9.03320;-23.86475;-3.72314
0.08752;0.27039;-0.97632
5.98145;-21.66748;-5.12695
0.00696;0.24414;-0.98315
7.14111;-17.39502;-4.82178
0.06018;0.28259;-0.98328
3.23486;-18.73779;-0.18311
0.01514;0.25732;-1.00061
2.92969;-21.60645;-6.10352
-0.02405;0.28247;-0.96997
3.54004;-24.53613;-6.95801
-0.01697;0.29346;-0.96790
3.78418;-26.12305;-5.31006
-0.05481;0.28760;-0.95825
4.39453;-27.52686;-5.49316
-0.09473;0.30188;-0.89795
1.03760;-27.46582;-7.08008
-0.28857;0.20447;-0.85413
-3.35693;-16.60156;-5.85938
-0.30029;0.20056;-0.83447
-3.60107;-3.29590;0.42725
-0.15308;0.25281;-0.96594
-1.70898;2.01416;1.46484
-0.07959;0.29565;-1.02502
3.17383;5.92041;-3.05176
-0.14819;0.29260;-0.91296
2.01416;6.65283;-0.67139
-0.18713;0.25281;-0.91150
-0.42725;9.09424;1.58691
-0.16125;0.25171;-0.91724
-2.31934;13.36670;4.27246
-0.12048;0.26672;-0.94666
-2.07520;17.02881;2.19727
-0.12073;0.25488;-0.94385
-2.01416;21.91162;2.01416
-0.09229;0.23315;-0.87915
-4.02832;27.16064;-1.58691
-0.08899;0.30762;-0.89941
-8.23975;33.50830;-6.71387
0.01489;0.21436;-0.97327
-10.86426;38.14697;10.31494
0.05566;0.17896;-1.03052
-5.00488;37.23145;7.50732
0.08557;0.30725;-0.97253
-4.82178;35.15625;12.63428
0.15771;0.15784;-0.99500
-11.41357;33.99658;0.61035
0.16956;0.25330;-1.05981
-7.99561;32.10449;9.82666
0.26758;0.24756;-0.97913
-11.35254;18.98193;4.63867
0.18933;0.15222;-1.00378
-2.74658;8.72803;2.92969
0.20447;0.19458;-0.99561
3.66211;-3.41797;0.79346
0.16907;0.19812;-0.98926
8.54492;-10.98633;-0.36621
0.19458;0.20691;-0.97876
10.74219;-21.24023;-2.31934
0.14539;0.25439;-1.00488
11.04736;-22.76611;1.28174
0.15149;0.29175;-1.01636
9.03320;-25.63477;-5.06592
0.07983;0.25879;-1.01562
5.06592;-24.59717;-6.22559
0.07666;0.25488;-1.00305
5.00488;-23.37646;-1.89209
0.02502;0.24963;-0.99426
3.17383;-25.63477;-5.24902
0.00427;0.26855;-0.96973
1.58691;-27.95410;-4.94385
-0.01038;0.27588;-0.98132
3.90625;-31.73828;-3.41797
0.03943;0.26904;-1.03076
5.31006;-35.64453;-5.00488
-0.03821;0.31360;-0.96228
6.65283;-39.24561;-10.86426
-0.35327;0.22070;-0.73279
0.79346;-27.16064;-1.03760
-0.42212;0.23425;-0.72620
-4.45557;-9.94873;-0.30518
-0.29468;0.12280;-0.94214
-5.31006;-0.30518;-3.17383
-0.02051;0.35791;-1.06763
4.39453;6.59180;-0.24414
-0.20508;0.24011;-0.93970
4.39453;9.76562;-7.38525
-0.22144;0.27844;-0.89453
1.52588;12.81738;1.77002
-0.15015;0.25757;-0.93811
-0.85449;16.60156;2.86865
-0.12988;0.27026;-0.94531
-1.89209;18.12744;2.13623
-0.15796;0.25012;-0.92603
-3.29590;21.91162;0.18311
-0.14539;0.23315;-0.91248
-4.08936;27.16064;5.79834
-0.06677;0.25146;-0.93164
-3.72314;34.97314;8.54492
-0.03027;0.21680;-0.95020
-2.38037;39.67285;4.21143
0.01331;0.23120;-0.93225
-7.26318;39.12354;-2.01416
0.09253;0.25037;-0.97742
-10.55908;43.51807;17.88330
0.19800;0.18262;-1.02246
-18.31055;51.08643;10.74219
0.32751;0.44446;-1.14172
-15.07568;42.78564;14.40430
0.27612;0.13062;-1.03882
-20.14160;15.68604;-3.60107
0.23962;0.10461;-1.00244
-1.22070;2.01416;-0.85449
0.22864;0.16748;-1.00061
9.64355;-9.09424;-1.03760
0.19519;0.19568;-0.98901
12.57324;-17.02881;-2.13623
0.13940;0.23108;-1.00696
13.73291;-24.41406;-1.70898
0.21631;0.22717;-1.01013
14.34326;-30.27344;1.52588
0.11816;0.28516;-1.01880
13.00049;-32.16553;-0.06104
0.12585;0.26660;-1.05286
7.32422;-34.48486;-7.20215
0.01147;0.27124;-0.98120
5.73730;-33.63037;-11.96289
-0.02307;0.23767;-0.95996
5.79834;-29.66309;-7.50732
-0.03125;0.26453;-0.91821
6.53076;-29.05273;-6.89697
-0.08069;0.25171;-0.92578
4.63867;-26.48926;-3.41797
-0.11597;0.27576;-0.90540
2.86865;-26.12305;-6.34766
-0.21155;0.27722;-0.86719
-0.12207;-24.04785;-6.10352
-0.29517;0.18347;-0.85022
-3.23486;-12.93945;-4.45557
-0.15112;0.24170;-0.99597
-0.97656;-6.71387;-1.58691
-0.13684;0.29260;-0.98987
3.66211;-0.73242;-3.54004
-0.24866;0.25317;-0.89185
2.86865;6.28662;-2.86865
-0.23730;0.27100;-0.88611
-0.12207;14.03809;4.33350
-0.18140;0.25891;-0.91223
-2.56348;17.57812;3.41797
-0.13440;0.25977;-0.94434
-3.17383;20.93506;3.54004
-0.11426;0.25317;-0.93884
-3.17383;23.98682;1.89209
-0.15137;0.24976;-0.91138
-2.50244;29.84619;3.47900
-0.06311;0.23816;-0.91907
-3.11279;35.52246;6.65283
-0.02173;0.24023;-0.96948
-5.85938;37.41455;14.22119
0.03601;0.20825;-1.00256
-6.65283;40.10010;17.02881
0.07275;0.28772;-0.93616
-12.57324;44.49463;16.60156
0.17822;0.23486;-1.04114
-18.67676;45.89844;5.31006
0.23975;0.36963;-1.14575
-16.41846;31.86035;3.90625
0.34204;0.14929;-1.03394
-12.93945;13.54980;-0.73242
0.22131;0.11877;-0.99976
3.66211;-1.52588;0.79346
0.20654;0.19482;-1.00171
10.86426;-13.85498;-4.27246
0.15283;0.20178;-1.01172
14.22119;-23.86475;-3.84521
0.18457;0.26477;-0.99695
14.22119;-28.80859;-0.42725
0.14563;0.27368;-1.02917
10.00977;-29.90723;-3.47900
0.09888;0.24756;-0.98792
7.93457;-30.70068;-2.07520
0.07031;0.26355;-0.97205
5.73730;-29.41895;-5.18799
-0.03247;0.22424;-0.96240
5.37109;-27.89307;-5.79834
0.02332;0.26038;-0.96448
6.28662;-26.97754;-1.22070
-0.05261;0.27356;-0.93420
5.79834;-27.95410;-8.66699
-0.09265;0.26538;-0.89929
4.57764;-26.55029;-4.57764
-0.26099;0.23193;-0.84241
0.06104;-20.01953;-11.41357
-0.19910;0.26111;-0.91589
1.77002;-16.11328;-4.15039
-0.11450;0.27319;-0.99866
1.52588;-14.40430;-9.21631
-0.16760;0.28577;-0.96851
2.86865;-12.81738;-4.88281
-0.20129;0.30530;-0.91772
0.67139;-7.14111;-4.21143
-0.24683;0.24316;-0.92700
-0.79346;-0.24414;0.00000
-0.25854;0.24988;-0.89880
0.06104;10.92529;-2.31934
-0.23328;0.25513;-0.88416
0.79346;20.32471;0.91553
-0.19910;0.24402;-0.88306
-1.64795;24.35303;0.85449
-0.11743;0.27844;-0.94678
-3.11279;27.46582;5.92041
-0.07703;0.27905;-0.97607
-4.69971;29.35791;3.54004
-0.06531;0.26929;-0.94629
-3.84521;29.35791;4.15039
-0.09985;0.24329;-0.93921
-6.40869;32.71484;7.01904
-0.03394;0.22571;-0.95020
-10.00977;40.16113;11.16943
0.02234;0.17505;-0.97498
-11.35254;45.95947;14.77051
0.15808;0.23816;-0.97437
-14.16016;47.60742;22.82715
0.31738;0.24487;-1.06177
-15.62500;38.94043;9.03320
0.30823;0.23999;-1.01160
-12.20703;24.90234;9.27734
0.24365;0.09619;-1.02515
-8.66699;0.18311;-3.41797
0.20508;0.16492;-1.01917
8.42285;-9.88770;-3.41797
0.18970;0.19727;-0.99634
12.63428;-19.65332;-2.13623
0.12878;0.24524;-1.00720
12.69531;-26.18408;0.18311
0.16882;0.26770;-1.01917
10.55908;-27.70996;0.18311
0.10950;0.23730;-1.02844
5.98145;-28.86963;-3.29590
0.09521;0.25305;-1.00464
6.53076;-26.61133;-1.58691
0.00037;0.23193;-0.94385
6.28662;-23.49854;1.70898
0.03687;0.24841;-0.98230
6.46973;-25.51270;0.42725
0.02795;0.29321;-1.00085
6.71387;-31.92139;-9.58252
-0.03857;0.26416;-0.94482
6.22559;-33.44727;-11.59668
-0.27417;0.22559;-0.80457
1.09863;-25.75684;-7.14111
-0.28320;0.21399;-0.82886
-2.13623;-12.32910;-1.95312
-0.22913;0.15588;-0.94897
-1.46484;-4.76074;1.34277
-0.03345;0.34143;-1.02893
3.66211;-0.30518;2.19727
-0.18127;0.24438;-0.94482
3.41797;3.05176;-7.50732
-0.20825;0.25732;-0.89087
0.97656;9.15527;0.42725
-0.16724;0.25305;-0.91772
-0.67139;14.34326;2.01416
-0.15320;0.26807;-0.90955
-2.07520;17.76123;-0.85449
-0.11768;0.24304;-0.94189
-2.92969;23.01025;1.52588
-0.08704;0.24133;-0.94641
-3.29590;26.67236;1.70898
-0.02466;0.23450;-0.96460
-3.17383;28.80859;1.40381
0.00549;0.31677;-0.96631
-7.56836;30.33447;1.83105
0.02124;0.23987;-1.01343
-7.69043;33.69141;6.83594
0.04016;0.16565;-0.96594
-7.01904;33.02002;6.89697
0.09790;0.26001;-0.95312
-8.60596;30.39551;10.80322
0.11255;0.17700;-1.00610
-10.92529;30.21240;0.12207
0.21643;0.28625;-1.04639
-10.86426;28.74756;7.75146
0.25903;0.21802;-1.04077
-11.90186;17.27295;2.86865
0.23267;0.13257;-1.00427
-1.22070;0.54932;-0.73242
0.21094;0.15295;-1.01538
6.53076;-10.92529;-3.78418
0.15662;0.20825;-1.00000
11.77979;-15.31982;-1.46484
0.13452;0.21643;-1.01965
12.26807;-24.04785;0.48828
0.11646;0.27026;-0.99792
12.14600;-24.47510;2.50244
0.10278;0.21655;-1.02368
8.42285;-26.18408;-5.55420
0.12769;0.30017;-0.99890
8.23975;-28.56445;-2.01416
0.04272;0.24658;-0.99048
7.62939;-28.99170;-10.74219
-0.02832;0.22400;-0.96008
6.04248;-29.41895;-5.73730
0.01355;0.29285;-0.98767
5.79834;-32.28760;-4.15039
-0.08191;0.26501;-0.93042
4.45557;-36.01074;-18.98193
-0.21655;0.23962;-0.83606
2.50244;-29.17480;-8.30078
-0.30933;0.22498;-0.82605
-4.69971;-21.72852;-7.08008
-0.14368;0.25476;-1.02124
-4.39453;-9.64355;4.08936
-0.10742;0.28516;-1.02258
2.62451;-4.27246;-2.68555
-0.26111;0.25159;-0.87659
3.41797;0.67139;-3.78418
-0.26074;0.23657;-0.86243
0.24414;9.46045;-0.67139
-0.20410;0.25464;-0.91077
-0.67139;15.56396;0.48828
-0.17310;0.25171;-0.92493
0.06104;20.75195;0.79346
-0.16785;0.24048;-0.92639
-1.77002;25.87891;2.44141
-0.11951;0.27759;-0.91748
-3.72314;32.95898;5.43213
-0.08728;0.24536;-0.94531
-7.87354;38.81836;5.06592
0.03320;0.22180;-0.98035
-10.13184;37.10938;13.73291
0.02673;0.25574;-0.98401
-9.15527;38.87939;5.43213
0.04614;0.21606;-0.98633
-10.37598;37.71973;9.03320
0.11646;0.19141;-0.98120
-12.51221;38.75732;12.02393
0.20532;0.22192;-1.03845
-10.43701;34.17969;12.81738
0.29150;0.25903;-1.06152
-9.09424;25.02441;8.97217
0.20569;0.14001;-0.99438
-5.92041;8.60596;0.61035
0.23279;0.16565;-1.00769
6.04248;-6.77490;-1.70898
0.19458;0.20630;-1.03430
12.32910;-23.55957;-6.46973
0.15747;0.22461;-1.02283
15.68604;-36.25488;-3.54004
0.11279;0.27112;-1.00671
11.65771;-37.96387;-6.59180
0.07935;0.24268;-1.02283
12.14600;-37.35352;-3.72314
0.05542;0.25635;-0.98669
10.00977;-34.85107;-7.69043
-0.09192;0.25647;-0.89832
7.20215;-30.33447;-8.23975
-0.09277;0.26709;-0.91797
3.60107;-23.13232;-5.18799
-0.12109;0.21838;-0.94458
2.50244;-20.62988;-7.32422
-0.07288;0.27966;-0.99060
2.99072;-18.49365;-0.36621
-0.12634;0.28064;-0.95776
2.25830;-17.63916;0.79346
-0.06726;0.26953;-0.97449
1.95312;-17.15088;3.35693
-0.25171;0.26318;-0.87964
0.42725;-0.24414;-11.41357
-0.26318;0.25989;-0.87598
-1.28174;-9.21631;-1.83105
-0.19800;0.26184;-0.96338
-0.36621;1.58691;0.54932
-0.21558;0.23535;-0.95129
1.40381;10.55908;-1.03760
-0.19922;0.28040;-0.89746
1.64795;16.23535;1.89209
-0.15076;0.25586;-0.95276
-0.85449;19.10400;0.61035
-0.12988;0.27747;-0.95654
-1.34277;19.47021;3.84521
-0.14490;0.23865;-0.92712
-3.05176;20.32471;2.62451
-0.08081;0.26611;-0.94092
-2.44141;22.52197;5.24902
-0.07825;0.24402;-0.93298
-4.39453;26.42822;-0.24414
-0.06335;0.23730;-0.97705
-4.94385;29.96826;2.44141
-0.03003;0.26367;-0.93042
-8.78906;35.46143;6.40869
0.02795;0.16895;-0.98486
-8.11768;38.02490;7.08008
0.06726;0.25708;-0.96191
-8.72803;40.95459;16.66260
0.15723;0.24084;-1.07483
-12.14600;41.74805;11.84082
0.26038;0.34814;-1.06250
-12.02393;35.76660;12.63428
0.24683;0.15320;-0.99695
-10.49805;15.68604;1.83105
0.22339;0.13232;-0.99377
-0.48828;2.68555;0.48828
0.20898;0.20862;-1.00049
5.67627;-5.98145;-1.95312
0.18945;0.16943;-0.99207
8.36182;-15.13672;-4.76074
0.17627;0.19849;-0.99817
13.00049;-22.64404;0.00000
0.15283;0.26624;-1.03430
12.08496;-29.35791;-7.93457
0.14966;0.26721;-1.01331
10.19287;-34.24072;-6.53076
0.07471;0.24292;-1.01855
8.60596;-35.88867;-8.60596
0.05090;0.28442;-0.98279
8.78906;-37.65869;-9.70459
-0.01001;0.21558;-0.98230
9.58252;-37.29248;-6.04248
-0.03882;0.30579;-0.96057
8.85010;-40.03906;-7.32422
-0.14636;0.25488;-0.85974
7.50732;-39.91699;-12.57324
-0.29663;0.22339;-0.78430
1.58691;-28.32031;-10.31494
-0.20605;0.24207;-0.94678
-1.95312;-15.62500;-4.02832
-0.12012;0.32458;-1.04272
0.91553;-8.42285;-4.51660
-0.25330;0.28064;-0.90845
2.99072;-3.05176;-5.31006
-0.29285;0.23706;-0.86780
-0.30518;7.08008;1.40381
-0.21484;0.27466;-0.92480
-1.70898;13.97705;3.47900
-0.17175;0.28528;-0.93530
-0.06104;17.45605;3.47900
-0.19885;0.24463;-0.91016
-1.77002;20.62988;0.97656
-0.16028;0.26562;-0.91235
-2.86865;23.19336;4.63867
-0.13818;0.25403;-0.93518
-3.60107;27.16064;3.84521
-0.10339;0.24500;-0.93188
-3.23486;33.87451;5.24902
-0.08594;0.20984;-0.91504
-4.08936;38.33008;7.99561
-0.09485;0.22949;-0.91101
-10.19287;50.90332;14.46533
0.10120;0.25281;-0.99365
-12.08496;57.55615;33.44727
0.27417;0.48621;-1.10303
-18.43262;52.42920;16.35742
0.30151;0.22253;-1.04614
-23.13232;30.57861;0.85449
0.29285;0.02673;-1.00208
-7.14111;8.54492;1.89209
0.23938;0.20129;-1.00818
10.31494;-10.55908;-1.46484
0.20410;0.21887;-1.00000
10.62012;-23.31543;-8.11768
0.14795;0.24792;-1.00671
13.61084;-26.48926;-1.22070
0.12524;0.28516;-0.99536
11.23047;-27.89307;-5.49316
0.09021;0.24719;-1.00757
9.94873;-28.74756;-4.45557
0.07178;0.28479;-1.00085
8.48389;-31.25000;-6.28662
-0.00208;0.25903;-0.98193
8.60596;-32.77588;-6.16455
-0.05688;0.23584;-0.97058
7.50732;-32.95898;-6.83594
-0.02295;0.30066;-0.96533
7.75146;-33.08105;-6.89697
-0.15857;0.28650;-0.90845
7.14111;-32.16553;-13.79395
-0.21338;0.24146;-0.87390
4.08936;-22.52197;-6.65283
-0.21997;0.28101;-0.85974
0.61035;-14.09912;-6.95801
-0.19714;0.26196;-0.91528
-0.79346;-7.14111;-2.62451
-0.13684;0.30176;-0.96533
-2.25830;-3.78418;-4.51660
-0.19202;0.26941;-0.94092
-0.73242;-3.47900;-3.54004
-0.19653;0.27759;-0.94531
-0.06104;-2.31934;-0.36621
-0.19153;0.29150;-0.95520
-0.36621;1.64795;-0.61035
-0.20593;0.26880;-0.93164
1.34277;8.42285;-1.95312
-0.24353;0.26599;-0.88074
0.79346;15.07568;-5.00488
-0.21240;0.24207;-0.85535
-0.24414;22.82715;0.06104
-0.14636;0.27112;-0.92773
-4.45557;27.28271;5.00488
-0.06604;0.26086;-0.97595
-4.63867;29.29688;6.04248
-0.10022;0.25085;-0.96619
-5.37109;28.25928;3.35693
-0.03442;0.25916;-0.93188
-6.59180;30.63965;6.10352
-0.04810;0.25940;-0.94910
-7.32422;34.17969;5.92041
0.03040;0.23230;-0.96973
-9.15527;38.94043;9.39941
0.08875;0.21228;-0.99500
-9.94873;42.48047;19.65332
0.14636;0.26343;-0.99829
-11.71875;38.20801;14.40430
0.24646;0.35962;-1.06738
-10.80322;30.63965;12.57324
0.21167;0.16125;-1.01562
-10.07080;16.17432;1.89209
0.24231;0.15674;-1.00012
2.99072;-1.95312;1.22070
0.20813;0.19421;-1.00745
9.46045;-16.54053;-3.60107
0.16443;0.24231;-1.02002
13.06152;-27.22168;-2.68555
0.14392;0.27856;-1.00439
11.59668;-28.86963;-2.01416
0.05945;0.25220;-0.97498
7.38525;-26.42822;-3.41797
0.06787;0.24536;-1.00037
7.32422;-24.65820;-4.15039
0.07385;0.28992;-0.97961
5.85938;-25.45166;-2.38037
-0.01697;0.23328;-0.97314
5.31006;-25.20752;-7.75146
0.01099;0.25940;-0.95996
6.04248;-28.62549;-4.94385
-0.01306;0.24976;-0.94226
4.82178;-30.70068;-6.10352
-0.11792;0.27869;-0.93713
4.33350;-30.39551;-9.88770
-0.14600;0.26990;-0.91345
4.33350;-26.42822;-11.90186
-0.19604;0.25159;-0.92908
3.05176;-22.39990;-5.92041
-0.15918;0.30688;-0.96753
3.11279;-17.82227;-1.95312
-0.25867;0.28210;-0.90417
1.64795;-10.49805;0.42725
-0.30579;0.25024;-0.84814
-15.44189;2.62451;1.70898
-0.27051;0.24707;-0.87830
-0.18311;14.46533;2.74658
-0.19360;0.28894;-0.91638
0.73242;22.88818;4.57764
-0.16309;0.27649;-0.92700
-0.06104;26.79443;0.30518
-0.16028;0.27454;-0.91162
-2.44141;26.85547;-0.97656
-0.07397;0.28955;-0.93323
-3.72314;28.38135;4.63867
-0.07520;0.24622;-0.94421
-7.26318;29.90723;0.91553
-0.06042;0.26929;-0.98181
-6.46973;30.02930;5.92041
-0.02209;0.26184;-0.96509
-8.05664;34.30176;7.20215
0.01318;0.23865;-0.97620
-9.15527;35.40039;9.88770
0.09521;0.21936;-1.01978
-9.09424;36.13281;13.91602
0.13147;0.26392;-1.00110
-9.09424;35.64453;14.83154
0.22388;0.27979;-1.02881
-9.39941;29.96826;9.21631
0.23889;0.21899;-1.00354
-7.50732;15.19775;2.31934
0.19690;0.17163;-0.99854
-1.64795;2.80762;0.12207
0.19849;0.20752;-1.01477
5.12695;-8.30078;-3.90625
0.18127;0.21094;-1.00195
9.03320;-19.95850;-2.86865
0.14478;0.24866;-0.99963
10.37598;-24.65820;-2.80762
0.13489;0.25415;-1.00146
9.58252;-29.90723;-8.30078
0.08655;0.27307;-0.99353
8.42285;-34.11865;-7.62939
0.08472;0.26672;-0.98267
6.71387;-37.23145;-14.95361
-0.00012;0.22754;-1.02283
8.05664;-41.44287;-14.40430
-0.02075;0.29089;-0.96875
10.68115;-46.81396;-13.00049
-0.10107;0.30615;-0.89282
7.93457;-42.90771;-12.87842
-0.36389;0.21619;-0.77710
2.25830;-34.85107;-15.31982
-0.29712;0.22510;-0.87183
-0.61035;-23.43750;-5.31006
-0.15894;0.30359;-1.01917
1.34277;-14.34326;-5.73730
-0.25146;0.29944;-0.93054
4.02832;-8.30078;-5.00488
-0.36499;0.22375;-0.83777
2.44141;2.92969;-2.80762
-0.27283;0.27942;-0.88354
0.54932;14.03809;4.39453
-0.22192;0.28613;-0.92480
1.34277;22.03369;2.74658
-0.23669;0.26172;-0.90088
-1.03760;28.07617;2.01416
-0.17053;0.26746;-0.88428
-2.38037;29.17480;6.65283
-0.15540;0.24890;-0.91406
-5.24902;31.25000;7.75146
-0.09998;0.28809;-0.94397
-5.12695;33.63037;7.93457
-0.05334;0.26562;-0.98926
-7.81250;35.03418;4.45557
-0.00830;0.26428;-0.97632
-8.97217;36.80420;10.86426
0.01208;0.21741;-0.99609
-8.54492;36.56006;13.91602
0.06738;0.23901;-0.98730
-6.65283;34.91211;16.41846
0.12476;0.29529;-0.99573
-11.71875;37.65869;14.89258
0.18298;0.22644;-1.01428
-12.57324;35.88867;11.47461
0.23840;0.22070;-1.02612
-10.07080;27.34375;12.75635
0.25439;0.15247;-1.00183
-2.31934;4.69971;-0.24414
0.22229;0.17273;-1.01538
7.62939;-11.35254;-5.12695
0.15662;0.22827;-1.00867
11.59668;-20.99609;-2.80762
0.16650;0.26489;-1.00354
11.65771;-26.12305;-4.02832
0.10925;0.26990;-0.99915
9.70459;-28.01514;-7.26318
0.08972;0.25330;-1.00305
9.09424;-29.17480;-6.77490
0.01819;0.25757;-0.94128
7.69043;-28.25928;-7.14111
-0.01379;0.25647;-0.95825
5.55420;-28.62549;-8.23975
-0.00183;0.24109;-1.02087
7.01904;-31.86035;-7.20215
0.02991;0.31384;-1.07263
10.25391;-42.17529;-12.32910
0.11206;0.32336;-1.01770
4.15039;-54.80957;-20.75195
-0.28418;0.30994;-0.74146
-0.36621;-49.25537;-12.75635
-0.54541;0.15869;-0.56653
-3.96729;-23.49854;-7.56836
-0.34778;0.08752;-0.96558
-4.08936;-5.61523;0.00000
-0.04968;0.48840;-1.10107
3.84521;7.87354;4.69971
-0.33582;0.21204;-0.90515
2.25830;13.61084;-1.28174
-0.28357;0.27319;-0.83533
-4.08936;22.21680;13.67188
-0.13049;0.29785;-0.97595
-3.17383;22.33887;7.93457
-0.15271;0.24390;-0.98706
-2.80762;19.10400;1.64795
-0.17346;0.26465;-0.93103
-0.36621;16.29639;2.86865
-0.22229;0.21680;-0.84924
-3.54004;19.65332;2.56348
-0.16235;0.24561;-0.91235
-5.12695;24.23096;4.33350
-0.10144;0.22791;-0.95691
-5.18799;31.92139;2.80762
-0.06860;0.20740;-0.94897
-7.44629;36.56006;1.52588
-0.07825;0.28503;-0.93738
-10.92529;40.77148;4.88281
0.07056;0.25281;-1.00745
-11.10840;39.79492;18.67676
0.05554;0.17322;-1.01990
-5.37109;39.36768;12.69531
0.16956;0.30505;-0.98511
-8.48389;35.33936;14.46533
0.21680;0.29260;-1.12976
-6.59180;30.27344;5.79834
0.24109;0.16394;-1.00122
-6.28662;13.36670;0.48828
0.16809;0.17297;-1.00403
5.12695;-2.74658;3.17383
0.18115;0.21118;-1.00952
10.00977;-14.58740;-3.72314
0.11304;0.23120;-0.99536
11.35254;-19.40918;-2.01416
0.14697;0.27405;-1.00122
10.86426;-20.99609;1.22070
0.11438;0.23572;-0.99939
8.23975;-24.47510;-4.63867
0.07043;0.27368;-1.02246
7.62939;-28.13721;-2.80762
0.00793;0.29980;-0.97485
5.43213;-32.53174;-8.60596
-0.04565;0.24438;-0.97180
2.56348;-32.40967;-8.97217
0.01611;0.20032;-0.98145
5.18799;-33.69141;-3.78418
-0.03711;0.28381;-0.96545
7.69043;-35.40039;-12.51221
-0.25574;0.23022;-0.85608
5.18799;-31.18896;-14.89258
-0.24951;0.25598;-0.84985
1.22070;-22.64404;-5.12695
-0.12256;0.26270;-1.00671
3.29590;-20.26367;-14.16016
-0.16956;0.30542;-0.97754
7.81250;-19.40918;-8.48389
-0.38916;0.23328;-0.79175
1.58691;-17.02881;-10.80322
-0.31714;0.27124;-0.85986
-2.50244;-6.65283;4.33350
-0.23352;0.28491;-0.97424
-2.44141;3.41797;2.92969
-0.29480;0.25024;-0.89539
-1.58691;12.69531;4.08936
-0.26001;0.25940;-0.88696
-1.58691;20.99609;5.61523
-0.21021;0.25171;-0.92188
-1.70898;23.98682;4.02832
-0.16089;0.28528;-0.92761
-1.03760;26.06201;2.99072
-0.14893;0.24524;-0.94727
-2.01416;28.01514;-0.54932
-0.12939;0.28577;-0.95776
-3.60107;28.74756;1.83105
-0.09473;0.26501;-0.96558
-4.02832;29.66309;5.67627
-0.03809;0.24060;-0.95569
-4.94385;30.21240;11.71875
-0.03821;0.23364;-0.95142
-5.31006;30.63965;8.78906
0.01270;0.24255;-0.94971
-5.98145;32.34863;12.08496
0.03271;0.22241;-1.00073
-7.50732;34.42383;9.27734
0.10010;0.24402;-0.97339
-10.25391;36.68213;15.86914
0.17957;0.26929;-1.04358
-9.09424;34.91211;8.85010
0.22705;0.25732;-1.00061
-11.77979;30.76172;12.14600
0.22729;0.13770;-0.98657
-5.98145;12.75635;3.41797
0.22009;0.17896;-1.01355
2.13623;-2.92969;-2.50244
0.18469;0.20215;-0.99744
7.69043;-14.77051;-3.41797
0.17090;0.21277;-1.01355
11.65771;-26.36719;-5.67627
0.12573;0.26086;-1.01624
11.84082;-29.72412;-2.99072
0.12537;0.26099;-1.01367
10.07080;-33.02002;-6.77490
0.06348;0.27271;-1.00110
7.32422;-35.15625;-2.44141
0.01086;0.24866;-0.99927
4.94385;-40.22217;-8.42285
-0.01331;0.25916;-1.00977
6.59180;-43.21289;5.67627
-0.07886;0.35364;-0.91113
6.59180;-42.17529;-12.45117
-0.22009;0.17419;-0.87622
3.84521;-34.97314;-17.57812
-0.28320;0.23938;-0.83899
3.47900;-26.79443;-5.12695
-0.21753;0.24280;-0.89404
0.91553;-20.08057;-12.45117
-0.20483;0.26733;-0.97546
1.77002;-13.12256;-5.49316
-0.20972;0.28479;-0.97412
0.54932;-7.50732;-0.54932
-0.30481;0.24377;-0.88733
-0.79346;1.77002;-3.60107
-0.26929;0.25549;-0.89856
0.36621;14.16016;3.66211
-0.23962;0.23633;-0.88696
-0.61035;23.49854;-0.91553
-0.20203;0.27222;-0.91528
-0.18311;25.02441;1.95312
-0.16919;0.22620;-0.92651
-1.28174;27.09961;1.34277
-0.12476;0.26929;-0.93542
-1.15967;26.30615;3.11279
-0.11487;0.25830;-0.95117
-2.92969;29.11377;0.12207
-0.07996;0.26514;-0.96021
-4.45557;31.61621;7.20215
-0.05554;0.25439;-0.98242
-6.77490;34.17969;10.68115
-0.00879;0.23584;-0.97681
-7.08008;32.10449;9.82666
0.03333;0.22571;-0.95972
-7.81250;33.08105;11.77979
0.07300;0.21375;-0.97693
-9.27734;35.94971;15.99121
0.10803;0.27539;-0.99756
-10.92529;39.12354;13.85498
0.23438;0.29089;-1.05969
-10.07080;34.24072;10.43701
0.22742;0.10889;-1.01721
-7.14111;14.89258;0.48828
0.20642;0.16943;-1.01428
5.79834;-4.51660;-1.15967
0.19104;0.20679;-0.99683
10.13184;-15.50293;1.34277
0.14673;0.24341;-0.99109
11.10840;-25.87891;-3.72314
0.13489;0.23572;-0.98779
9.15527;-28.38135;-5.73730
0.09021;0.26892;-1.00024
6.89697;-26.85547;-5.43213
0.02222;0.23486;-0.96313
5.37109;-25.81787;-9.94873
0.01843;0.23254;-0.99683
4.63867;-25.51270;-6.53076
0.04358;0.25793;-1.00195
6.10352;-28.99170;-6.22559
-0.00562;0.28662;-0.98279
4.76074;-33.93555;-5.79834
-0.13660;0.24890;-0.91724
-0.12207;-30.39551;-5.98145
-0.07678;0.25525;-1.02380
1.70898;-33.14209;-1.58691
-0.24341;0.26172;-0.85059
1.40381;-31.18896;-2.74658
-0.18201;0.23816;-0.95154
0.67139;-25.02441;-8.11768
-0.33801;0.21057;-0.85901
3.72314;-17.15088;-10.68115
-0.29187;0.28894;-0.85217
1.83105;-2.50244;-4.82178
-0.18335;0.30359;-1.02319
2.31934;2.74658;-0.97656
-0.37048;0.19067;-0.78174
-1.52588;13.00049;0.18311
-0.26453;0.20923;-0.85486
-9.09424;23.74268;7.69043
-0.12549;0.27856;-0.94653
-8.42285;31.55518;3.11279
-0.17468;0.22571;-0.87573
-10.43701;40.22217;15.99121
-0.09192;0.20081;-0.90027
-13.67188;48.03467;8.23975
-0.03418;0.24353;-0.98279
-14.16016;53.52783;7.44629
0.04211;0.17505;-0.99451
-13.00049;53.71094;5.18799
0.12720;0.19885;-1.10547
-11.77979;51.63574;-2.38037
0.21252;0.26660;-1.06714
-7.26318;48.46191;4.63867
0.23743;0.23657;-1.08691
-4.82178;30.76172;2.44141
0.22131;0.14270;-0.97815
-5.73730;16.66260;9.21631
0.20886;0.13330;-0.99390
-1.77002;10.25391;5.00488
0.22095;0.16724;-0.96716
-1.95312;8.91113;1.64795
0.20203;0.16772;-0.97583
-2.38037;9.09424;4.82178
0.20911;0.15356;-0.97656
-2.62451;5.92041;2.31934
0.24353;0.14417;-0.96838
-1.95312;5.85938;4.45557
0.21838;0.14172;-0.96814
-1.40381;1.03760;-0.67139
0.23340;0.13354;-0.97058
-1.28174;-1.34277;-1.83105
0.19250;0.16382;-0.97864
-0.06104;-1.89209;-2.13623
0.20813;0.15283;-0.97412
0.67139;-1.22070;-1.64795
0.19629;0.15405;-0.97327
1.40381;-1.34277;-3.17383
0.20740;0.15210;-0.97314
0.54932;1.15967;-0.24414
0.19727;0.15710;-0.97705
0.48828;0.36621;-0.73242
0.21082;0.15637;-0.96362
1.95312;-0.18311;-0.73242
0.20825;0.15942;-0.97717
2.01416;-0.61035;-2.13623
0.19617;0.16602;-0.97021
2.68555;-1.22070;-2.44141
0.18994;0.17395;-0.97461
1.40381;0.85449;0.42725
0.20361;0.15503;-0.97107
1.58691;1.89209;-0.12207
0.19458;0.17859;-0.96887
1.64795;0.79346;-1.15967
0.20496;0.16663;-0.97156
0.42725;0.24414;-0.48828
0.19263;0.17249;-0.97131
1.09863;-0.24414;-0.85449
0.19946;0.17017;-0.96838
0.48828;0.18311;-0.24414
0.19897;0.16589;-0.97302
0.42725;0.48828;-0.67139
0.19385;0.17188;-0.96716
0.48828;0.73242;0.06104
0.20459;0.16785;-0.97229
-0.00000;1.03760;0.48828
0.19861;0.17249;-0.96973
0.30518;0.79346;0.24414
0.19507;0.16687;-0.97217
-0.06104;1.03760;0.06104
0.19836;0.16895;-0.97546
0.42725;1.58691;0.18311
0.19604;0.17493;-0.97168
0.36621;0.61035;-0.18311
0.19385;0.17407;-0.97046
0.91553;1.09863;-0.24414
0.19897;0.17688;-0.97253
0.42725;0.79346;-0.06104
0.19336;0.17688;-0.97217
0.36621;1.46484;0.42725
0.20264;0.17249;-0.97241
0.30518;1.83105;0.48828
0.19788;0.17908;-0.96973
0.18311;0.85449;0.30518
0.20032;0.17126;-0.97266
0.42725;1.40381;1.09863
0.19775;0.17200;-0.97034
0.36621;0.67139;0.24414
0.19800;0.17590;-0.97180
0.54932;0.91553;0.42725
0.19690;0.17834;-0.97192
0.79346;1.34277;0.18311
0.19934;0.17505;-0.96912
0.48828;1.15967;0.24414
0.20703;0.17542;-0.96704
0.54932;1.28174;0.00000
0.20178;0.17725;-0.97058
0.18311;0.79346;-0.18311
0.20190;0.17456;-0.96899
0.12207;0.61035;-0.30518
0.19946;0.17664;-0.97095
0.36621;0.91553;-0.18311
0.20142;0.18213;-0.96924
0.36621;0.54932;-0.18311
0.19946;0.17395;-0.97351
0.48828;0.61035;-0.42725
0.19995;0.18188;-0.96826
0.36621;1.03760;-0.24414
0.20093;0.17444;-0.97168
-0.12207;1.46484;0.42725
0.20471;0.17542;-0.93860
0.24414;1.28174;0.67139
0.20288;0.17810;-0.96887
0.24414;0.67139;-0.06104
0.20166;0.17859;-0.97119
0.24414;0.85449;0.30518
0.20105;0.17822;-0.97009
0.30518;0.97656;0.54932
0.20569;0.17078;-0.97070
0.61035;1.22070;0.24414
0.20166;0.17773;-0.96997
0.54932;1.03760;-0.12207
0.20251;0.17932;-0.96826
0.42725;0.97656;0.30518
0.20215;0.17798;-0.96741
0.24414;1.40381;0.36621
0.20544;0.17651;-0.96851
0.24414;1.03760;0.30518
