0.16370;0.21851;-0.95898
-1.95312;2.62451;0.85449
0.16675;0.22913;-0.96631
-1.70898;3.11279;1.46484
0.18494;0.22241;-0.96753
-1.40381;3.66211;1.34277
0.18396;0.22290;-0.97607
-0.73242;1.03760;0.48828
0.18311;0.21436;-0.96594
-0.24414;-0.36621;-0.67139
0.17969;0.22900;-0.96851
0.85449;-2.19727;-2.07520
0.17053;0.22229;-0.96863
-0.42725;-2.86865;-2.80762
0.15833;0.22717;-0.96570
-1.64795;-0.18311;-1.52588
0.16956;0.22241;-0.96655
-2.68555;2.01416;1.03760
0.17273;0.21118;-0.96936
-2.68555;2.80762;1.46484
0.17346;0.21399;-0.97021
-1.09863;1.70898;0.85449
0.17322;0.20886;-0.96741
-0.42725;1.09863;-0.24414
0.16577;0.20850;-0.96924
-0.30518;3.23486;0.79346
0.17676;0.21838;-0.96802
0.48828;4.02832;1.70898
0.17944;0.21472;-0.96118
0.67139;3.17383;2.07520
0.18677;0.20618;-0.96692
1.77002;2.07520;-0.30518
0.19128;0.21594;-0.96289
2.38037;-1.03760;-1.83105
0.17371;0.22180;-0.96655
2.50244;-2.92969;-2.25830
0.17017;0.22693;-0.96716
1.58691;-2.01416;-0.85449
0.19556;0.20959;-0.96997
1.64795;-2.62451;-0.24414
0.21948;0.22986;-0.99866
1.95312;-5.37109;-1.58691
0.13989;0.22070;-0.96533
1.09863;-5.31006;-0.67139
0.18945;0.24719;-1.01208
3.54004;-3.05176;-2.56348
0.16748;0.32275;-1.00757
1.22070;-0.91553;-0.36621
0.18738;0.23682;-1.02710
1.34277;-1.70898;4.45557
0.13672;0.23438;-0.90930
0.06104;0.24414;9.88770
0.11780;0.15417;-0.91992
-0.18311;2.25830;0.73242
0.09106;0.19775;-0.89526
-0.12207;0.42725;3.60107
0.07153;0.20801;-0.89307
1.09863;-0.36621;4.63867
0.07629;0.16467;-0.93518
0.06104;1.89209;4.63867
0.19958;0.27612;-0.99402
1.77002;2.01416;0.00000
-0.01013;0.26721;-0.77441
-4.82178;3.66211;-3.84521
0.33972;0.00134;-1.05652
-5.55420;0.91553;-7.32422
0.24744;0.33899;-0.99158
6.40869;-4.51660;-11.90186
0.16699;0.18555;-1.02734
-9.15527;2.80762;2.19727
0.14661;0.22876;-0.96863
-1.58691;10.07080;3.23486
0.18298;0.22632;-0.95483
-2.19727;6.59180;-0.42725
0.14856;0.21069;-0.98840
-1.40381;-1.52588;-4.69971
0.15125;0.23743;-0.95361
2.44141;1.03760;0.79346
0.16614;0.22681;-0.97400
-0.48828;-2.56348;-3.41797
0.14233;0.22449;-0.96301
-0.00000;0.79346;-0.30518
0.16577;0.23340;-0.97253
-0.54932;0.91553;1.22070
0.14893;0.21167;-0.96204
-0.54932;0.79346;1.34277
0.17395;0.22144;-0.97290
1.34277;-0.18311;1.15967
0.15405;0.22375;-0.96887
0.36621;-1.77002;0.61035
0.17847;0.21179;-0.99524
1.03760;-2.19727;1.46484
0.14709;0.23547;-0.96387
0.36621;-0.48828;4.15039
0.18005;0.21118;-1.00684
0.61035;-0.18311;2.50244
0.17358;0.23401;-0.98352
1.15967;0.91553;6.53076
0.18799;0.25867;-0.98755
2.31934;0.61035;2.62451
0.15820;0.23816;-0.98962
1.70898;-0.85449;3.60107
0.17407;0.22168;-0.98413
2.13623;-0.97656;2.56348
0.14270;0.25549;-0.95581
1.15967;-1.83105;1.28174
0.15271;0.21729;-0.96606
1.03760;-0.97656;-0.91553
0.14795;0.23376;-0.96350
-0.00000;-1.09863;-1.03760
0.14441;0.20410;-0.94873
-0.91553;0.18311;-1.89209
0.12537;0.21838;-0.95691
-1.52588;0.48828;0.73242
0.07715;0.22095;-0.88110
-2.50244;0.18311;-1.40381
-0.05164;0.10376;-0.80615
-3.78418;5.12695;-2.80762
0.13342;0.18518;-0.88586
2.92969;-2.80762;-1.64795
0.34851;0.37683;-1.13147
-3.54004;-3.23486;-13.24463
-0.13928;0.50293;-0.79163
-13.79395;-10.31494;1.22070
0.07129;0.12036;-0.97473
-5.37109;9.70459;3.72314
0.18970;0.25134;-0.96997
3.84521;15.80811;6.40869
0.16418;0.20630;-0.97229
-3.96729;6.53076;0.85449
0.16699;0.20105;-0.98779
0.54932;2.50244;1.46484
0.15698;0.21362;-0.96057
0.61035;2.44141;0.91553
0.16504;0.21289;-0.98657
0.73242;0.00000;-1.46484
0.15405;0.22986;-0.96179
2.74658;0.67139;1.34277
0.17688;0.21130;-0.97473
0.97656;0.18311;0.48828
0.15723;0.21875;-0.96179
1.46484;-1.15967;0.18311
0.17102;0.21680;-0.97974
1.09863;-0.12207;-0.36621
0.14136;0.23950;-0.97302
0.30518;-1.34277;0.48828
0.16943;0.21558;-0.98755
1.64795;-0.12207;2.99072
0.18616;0.23914;-1.00049
1.83105;-2.01416;1.58691
0.17468;0.25012;-1.00012
2.56348;-0.73242;3.35693
0.15881;0.26831;-0.98938
2.25830;-0.61035;6.22559
0.15930;0.22729;-0.98230
0.91553;0.24414;2.62451
0.14978;0.22363;-0.92883
0.42725;0.79346;6.22559
0.14636;0.22217;-0.95837
0.54932;1.15967;3.78418
0.14685;0.22473;-0.94873
0.18311;0.73242;2.80762
0.14343;0.20801;-0.94324
0.61035;0.18311;3.23486
0.15881;0.21875;-0.96521
-0.61035;0.42725;1.09863
0.12317;0.21558;-0.93323
-0.54932;0.36621;-0.12207
0.14709;0.18494;-0.95715
0.12207;1.15967;-0.48828
0.13513;0.23425;-0.94043
-0.36621;0.18311;-1.15967
0.08582;0.16284;-0.93213
-1.52588;2.56348;4.94385
0.05188;0.15369;-0.85364
-0.61035;3.17383;9.58252
0.12659;0.18884;-0.83350
-0.73242;-4.21143;-0.67139
0.77454;0.86414;-1.73022
25.69580;-8.97217;-24.53613
-0.12195;0.46643;-0.83093
-17.82227;-7.69043;-0.79346
0.09241;0.12939;-0.98193
-0.61035;7.75146;3.60107
0.16821;0.25708;-0.94055
3.29590;11.23047;0.67139
0.15796;0.23425;-0.96716
0.54932;5.43213;0.24414
0.15979;0.23425;-0.96887
-0.24414;1.46484;-0.24414
0.15149;0.23193;-0.95544
1.46484;2.62451;-0.30518
0.17920;0.23230;-0.96509
1.22070;0.67139;-0.24414
0.14783;0.23376;-0.96716
-0.18311;0.36621;-1.09863
0.18054;0.21448;-0.97791
-0.30518;1.70898;-0.30518
0.15137;0.24036;-0.95654
-1.70898;2.44141;-0.36621
0.17700;0.22021;-0.98108
-0.36621;3.84521;2.01416
0.16260;0.23499;-0.95959
-1.40381;-0.24414;-0.12207
0.19226;0.21399;-0.98279
-0.06104;-0.61035;0.30518
0.16870;0.24792;-0.99048
-1.22070;-1.03760;1.52588
0.19434;0.24939;-0.98767
0.18311;0.48828;7.69043
0.19006;0.26477;-0.98401
1.34277;-0.48828;4.39453
0.17554;0.25476;-0.97522
0.24414;-0.91553;3.35693
0.13501;0.19336;-0.96631
-0.06104;-2.44141;0.54932
0.15283;0.22705;-0.94556
0.30518;-2.13623;-1.40381
0.15161;0.20300;-0.95435
-0.36621;-0.18311;-1.95312
0.12683;0.20728;-0.94739
0.06104;0.00000;0.67139
0.12280;0.21973;-0.93372
-0.67139;1.15967;1.89209
0.04834;0.18054;-0.84924
-2.92969;4.15039;-0.30518
0.06323;0.08203;-0.90979
-3.47900;9.82666;1.28174
0.13574;0.28235;-0.88977
-1.77002;8.66699;5.37109
0.25525;-0.13525;-1.03857
-7.44629;5.00488;-9.94873
0.20410;0.46375;-0.97876
-7.93457;-8.36182;-6.28662
0.10315;0.10217;-1.00781
-10.00977;2.62451;2.07520
0.19971;0.26477;-0.95569
7.99561;10.25391;4.82178
0.18115;0.21790;-0.96228
-0.48828;3.60107;1.34277
0.18945;0.22180;-0.96924
1.83105;1.40381;0.79346
0.17273;0.22314;-0.96069
1.70898;1.77002;1.28174
0.19092;0.21741;-0.96875
1.03760;0.48828;-1.77002
0.16895;0.23303;-0.96057
0.73242;1.52588;-0.73242
0.19849;0.20593;-0.97363
-0.12207;2.07520;1.95312
0.17847;0.22351;-0.96130
-0.06104;1.40381;0.67139
0.19421;0.21167;-0.97070
0.48828;1.09863;-0.06104
0.19006;0.21484;-0.96387
0.24414;-0.30518;-0.12207
0.19824;0.21118;-0.97424
1.40381;0.36621;0.54932
0.17615;0.23486;-0.96753
-0.24414;-3.11279;-1.28174
0.20093;0.21936;-0.97388
-0.00000;-2.56348;0.91553
0.19763;0.25720;-1.00171
0.06104;-4.57764;1.03760
0.18408;0.24609;-0.96606
3.41797;-5.12695;1.95312
0.19275;0.25281;-1.00110
3.17383;-3.41797;0.18311
0.19202;0.25598;-0.97510
2.01416;-3.05176;0.18311
0.20337;0.23267;-0.98022
1.09863;-2.86865;3.84521
0.16370;0.22705;-0.95251
0.54932;-3.23486;0.79346
0.15662;0.21545;-0.94702
0.73242;-1.34277;0.54932
0.12219;0.21240;-0.93359
0.73242;-1.03760;1.28174
0.11536;0.22729;-0.93042
-0.48828;-1.09863;0.36621
0.06018;0.20850;-0.88806
-1.34277;-0.79346;-2.38037
-0.03625;0.16370;-0.81592
-2.07520;2.80762;0.06104
0.25012;0.09595;-0.99158
2.44141;0.67139;-4.82178
0.19800;0.42200;-0.90088
0.61035;-6.53076;-2.44141
0.36450;-0.30310;-1.23743
-5.79834;-3.29590;-11.23047
-0.04260;0.69031;-0.73132
-1.40381;-2.44141;-8.72803
0.03442;0.05542;-0.99756
-4.82178;12.81738;3.96729
0.20691;0.26709;-0.98401
5.06592;19.71436;11.16943
0.18213;0.21448;-0.96082
-0.73242;13.97705;7.81250
0.20056;0.21228;-0.96814
-0.30518;7.01904;0.73242
0.17102;0.22070;-0.95557
2.25830;5.31006;0.36621
0.19287;0.23560;-0.95813
1.58691;1.83105;-0.97656
0.16492;0.22998;-0.96863
0.91553;-0.79346;-0.85449
0.18579;0.23193;-0.95850
1.34277;0.61035;0.00000
0.17688;0.23267;-0.96313
0.30518;0.18311;0.42725
0.17822;0.22778;-0.96570
0.79346;-0.24414;-0.97656
0.17676;0.23535;-0.97180
0.42725;-2.07520;-1.46484
0.18079;0.22522;-0.96875
0.06104;-1.89209;-0.73242
0.17993;0.25085;-0.99023
-1.03760;-5.00488;-3.78418
0.17505;0.25012;-0.97693
0.12207;-4.94385;-1.40381
0.19678;0.25085;-0.99988
2.50244;-4.63867;0.00000
0.18689;0.28638;-0.99500
1.83105;-4.15039;1.28174
0.17505;0.23828;-1.01794
0.67139;-2.44141;2.19727
0.13635;0.28296;-0.94250
0.30518;-0.79346;4.94385
0.11487;0.20996;-0.96265
-1.52588;2.19727;1.03760
0.12219;0.22437;-0.94617
-1.28174;2.13623;5.67627
0.12683;0.22375;-0.93665
-0.85449;1.77002;4.94385
0.11450;0.18811;-0.93628
-1.58691;1.52588;4.63867
0.06958;0.24072;-0.86475
-1.52588;0.85449;-1.28174
-0.03967;0.10474;-0.81213
-1.40381;4.94385;7.44629
0.12402;0.10901;-0.90576
1.52588;3.66211;2.80762
0.16882;0.38000;-0.82996
0.24414;-1.22070;1.28174
0.55103;0.50952;-1.54541
-2.92969;-5.92041;-20.50781
0.07214;0.47424;-0.91248
-2.92969;-1.95312;0.42725
0.11816;0.08911;-1.01050
-9.76562;7.69043;-1.77002
0.15735;0.28088;-0.93738
4.33350;12.51221;7.14111
0.16431;0.21448;-0.97144
-1.22070;6.46973;0.61035
0.17249;0.22180;-0.97070
0.30518;2.44141;1.09863
0.16443;0.22021;-0.96082
0.79346;1.64795;0.36621
0.18347;0.21521;-0.98303
0.30518;0.73242;-0.97656
0.15540;0.24207;-0.96399
-0.61035;0.36621;0.61035
0.18005;0.21204;-0.97803
-1.46484;2.01416;-0.36621
0.12622;0.22473;-0.95569
-3.35693;0.18311;-0.54932
0.17407;0.20410;-0.98083
-1.77002;1.95312;0.06104
0.15747;0.24084;-0.96179
-1.03760;0.42725;-1.64795
0.18518;0.20764;-0.97729
-0.12207;-1.22070;-0.91553
0.16077;0.22229;-0.97144
-0.24414;-3.05176;-2.44141
0.17969;0.20752;-0.97339
0.48828;-2.25830;1.83105
0.16138;0.21973;-0.99878
1.89209;-1.03760;2.13623
0.14917;0.24146;-1.00281
3.72314;-2.44141;3.17383
0.19250;0.28479;-1.01379
3.60107;-1.70898;2.31934
0.18005;0.25305;-1.01135
2.13623;-2.31934;0.42725
0.14355;0.22876;-0.95471
2.50244;-1.89209;1.83105
0.13916;0.20203;-0.96350
2.86865;-1.83105;-1.34277
0.14001;0.21887;-0.93591
2.31934;-1.95312;1.83105
0.15027;0.23145;-0.98853
1.70898;-1.22070;-0.54932
0.10559;0.25793;-0.92468
-0.30518;1.03760;2.99072
0.08337;0.18335;-0.92615
-0.79346;2.31934;3.23486
-0.05896;0.19788;-0.79639
-1.89209;2.50244;-1.83105
-0.07874;0.10645;-0.72534
-1.34277;4.45557;-2.44141
0.22034;0.13464;-1.04175
4.51660;-1.09863;-1.77002
0.18030;0.40808;-0.85425
-4.15039;1.15967;-4.02832
0.52673;0.27856;-1.24792
0.42725;0.61035;-26.97754
0.13770;0.23633;-0.88403
-12.02393;9.88770;5.24902
0.19849;0.15955;-1.03833
0.79346;16.78467;9.76562
0.18945;0.24731;-0.93652
-3.60107;6.77490;3.72314
0.18311;0.17358;-0.98596
14.22119;1.83105;0.36621
0.16833;0.22473;-0.96387
0.12207;0.18311;-1.89209
0.17224;0.21851;-0.96558
1.03760;1.46484;0.97656
0.16833;0.22034;-0.97217
0.91553;1.77002;0.48828
0.17993;0.21753;-0.96851
2.92969;3.05176;3.84521
0.17822;0.21924;-0.96277
2.86865;-1.58691;0.06104
0.16357;0.22546;-0.96899
2.99072;-0.85449;-0.12207
0.18518;0.23572;-0.96216
1.83105;-2.31934;-0.73242
0.16040;0.22729;-0.95923
1.09863;-1.09863;0.48828
0.16821;0.22644;-0.97900
2.01416;-2.86865;1.03760
0.16199;0.24841;-0.96484
1.58691;-3.23486;2.86865
0.19360;0.22778;-0.99939
0.97656;-3.84521;-0.18311
0.21472;0.28247;-0.98975
3.05176;-4.57764;2.80762
0.17395;0.28247;-0.98145
1.28174;-2.07520;0.61035
0.17273;0.21655;-1.00146
-0.36621;-2.13623;0.30518
0.11218;0.26147;-0.91931
-0.24414;0.24414;6.46973
0.11768;0.19934;-0.94604
-0.30518;-1.09863;-0.67139
0.13940;0.20349;-0.97632
1.09863;-1.46484;-1.46484
0.16284;0.28503;-0.97534
1.09863;-1.34277;2.62451
0.12976;0.24561;-0.94592
-1.09863;-1.40381;-0.24414
0.06433;0.19360;-0.90942
-0.73242;0.24414;1.34277
-0.06165;0.18042;-0.78015
-4.69971;3.60107;-4.63867
0.05029;0.02954;-0.87976
-1.64795;6.28662;2.62451
0.10522;0.30969;-0.85742
-3.54004;3.11279;1.58691
0.89465;0.56860;-1.94421
1.58691;4.15039;-13.00049
0.00757;0.54102;-0.85999
-30.27344;-4.15039;-4.45557
0.05212;0.02661;-0.95935
-1.03760;13.36670;4.39453
0.21252;0.33069;-0.95227
2.62451;16.35742;7.20215
0.18311;0.14868;-0.99231
-2.50244;6.22559;3.84521
0.16760;0.25977;-0.94604
1.09863;1.09863;1.52588
0.17053;0.20129;-0.97900
0.79346;1.34277;0.79346
0.16687;0.23901;-0.95886
2.07520;-0.67139;-1.46484
0.17297;0.22839;-0.96960
1.70898;0.67139;0.61035
0.18018;0.22522;-0.97449
2.25830;-0.61035;2.99072
0.16931;0.22388;-0.95862
1.40381;-2.62451;0.18311
0.18494;0.23474;-0.98584
2.68555;-2.19727;-0.73242
0.16687;0.24585;-0.96960
0.97656;-3.47900;1.64795
0.20129;0.21753;-0.98352
2.99072;-2.92969;3.47900
0.15125;0.26367;-0.98718
2.62451;-3.84521;1.03760
0.21924;0.26819;-1.00586
2.92969;-2.86865;0.85449
0.15637;0.27173;-1.00171
-0.06104;-3.17383;-2.31934
0.17102;0.26001;-0.96912
1.09863;-2.68555;1.15967
0.12000;0.23376;-0.94458
0.24414;-1.64795;1.34277
0.12134;0.21326;-0.94678
0.06104;-0.85449;2.13623
0.10486;0.25317;-0.92322
0.12207;-0.36621;4.69971
0.10144;0.18542;-0.93738
-1.03760;-0.06104;-0.42725
0.05688;0.23694;-0.88196
-1.95312;0.54932;-1.28174
-0.00769;0.12744;-0.86462
-3.05176;2.99072;-2.50244
0.10742;0.22205;-0.90625
0.91553;1.77002;5.37109
0.04224;0.21863;-0.76758
-7.62939;3.66211;-11.23047
0.50330;0.12061;-1.49060
1.09863;0.73242;-8.66699
0.09961;0.58582;-0.81592
-13.85498;-1.46484;4.27246
0.10669;-0.03235;-1.01904
-4.45557;8.30078;-5.98145
0.20532;0.36108;-0.94702
5.12695;8.54492;6.04248
0.13733;0.18140;-0.99915
-6.16455;4.57764;-1.83105
0.15967;0.25818;-0.95032
0.97656;4.69971;3.41797
0.16418;0.21179;-0.97510
-1.40381;0.67139;-0.67139
0.15930;0.22009;-0.97095
1.64795;0.54932;-1.34277
0.16211;0.24084;-0.96228
-0.42725;0.85449;0.00000
0.15833;0.20654;-0.98083
0.54932;1.22070;2.07520
0.15967;0.23889;-0.96545
1.58691;0.42725;0.30518
0.16492;0.21631;-0.97583
0.79346;0.42725;-0.48828
0.15601;0.23218;-0.96631
1.09863;-0.48828;0.48828
0.16650;0.22571;-0.97400
1.09863;-0.79346;0.91553
0.15027;0.23767;-0.96399
1.89209;-1.89209;1.09863
0.18738;0.24622;-0.98291
0.97656;-0.97656;-2.44141
0.13989;0.25708;-0.98547
2.50244;-2.31934;-1.89209
0.20471;0.27917;-0.99194
2.19727;-2.86865;-2.99072
0.13916;0.29602;-0.98474
1.40381;-0.73242;-5.79834
0.16724;0.19214;-0.98730
0.79346;-0.85449;-5.61523
0.14429;0.23230;-0.95569
0.36621;-1.40381;-2.56348
0.10974;0.21484;-0.94678
0.61035;0.18311;1.70898
0.13135;0.20154;-0.96704
-0.30518;0.73242;3.47900
0.09119;0.24438;-0.93054
-0.18311;0.79346;2.44141
0.09998;0.22302;-0.93433
0.24414;0.67139;3.11279
0.03479;0.20569;-0.89331
-1.40381;1.58691;0.48828
0.12109;0.18298;-0.95654
0.61035;1.28174;7.14111
0.08826;0.25269;-0.87195
-1.22070;2.01416;9.64355
0.06604;0.04382;-0.89075
-3.78418;5.37109;1.22070
0.17346;0.22217;-0.93921
-5.18799;4.94385;-2.13623
0.31360;0.42493;-1.08264
10.00977;5.85938;-22.58301
0.08752;0.10364;-0.98181
-15.19775;8.36182;-3.90625
0.20129;0.26025;-0.97888
6.10352;12.57324;7.32422
0.18091;0.23547;-0.95667
-5.79834;5.98145;-1.15967
0.18054;0.20422;-0.96936
0.97656;5.18799;3.66211
0.17407;0.23193;-0.96558
-0.67139;0.73242;-0.67139
0.17920;0.20166;-0.96997
2.31934;0.97656;0.30518
0.17114;0.24902;-0.96008
0.91553;-1.28174;-2.44141
0.16492;0.22815;-0.97339
0.36621;0.48828;1.52588
0.17285;0.22937;-0.96240
1.58691;0.67139;-0.36621
0.18176;0.23157;-0.96167
0.97656;-0.36621;-0.61035
0.16809;0.22778;-0.96924
0.73242;-1.09863;-0.67139
0.18372;0.22388;-0.96643
1.03760;-2.07520;-0.24414
0.16638;0.23291;-0.96899
0.97656;-3.23486;-0.97656
0.17981;0.23315;-0.99902
1.40381;-3.35693;-2.56348
0.15527;0.23560;-0.98462
2.25830;-3.41797;-0.91553
0.22656;0.29675;-1.06348
5.18799;-5.61523;2.25830
0.20459;0.30945;-1.02942
2.01416;-5.31006;0.30518
0.13062;0.22485;-0.90637
0.30518;-3.47900;2.19727
0.03271;0.17444;-0.88354
-0.48828;0.79346;3.66211
0.06519;0.18713;-0.91748
-0.06104;0.61035;2.92969
0.11353;0.24353;-0.92114
0.06104;0.00000;1.70898
0.11755;0.23291;-0.94482
-0.54932;1.83105;-4.15039
0.06921;0.22791;-0.92383
-1.64795;3.90625;-8.05664
0.14185;0.24988;-0.96814
-0.85449;3.29590;1.89209
0.08362;0.24255;-0.89075
-1.28174;3.23486;7.38525
0.10046;0.12793;-0.87097
-2.99072;5.43213;3.96729
0.22559;0.16736;-1.01013
2.31934;0.67139;3.41797
0.03955;0.27344;-0.79846
-7.87354;1.70898;-5.49316
0.29736;0.34070;-1.09705
7.20215;0.12207;-6.59180
0.14490;0.19495;-0.97168
-14.34326;6.65283;-7.62939
0.19006;0.24695;-0.97180
5.98145;13.54980;4.82178
0.18042;0.19934;-0.96155
-4.82178;7.93457;-1.34277
0.19312;0.22498;-0.96301
3.72314;7.93457;6.53076
0.18420;0.22693;-0.96143
-1.77002;0.36621;-2.31934
0.18530;0.22522;-0.95605
3.23486;0.54932;-1.09863
0.18115;0.25220;-0.95813
0.85449;-0.97656;-2.62451
0.17639;0.23291;-0.96851
0.30518;0.06104;1.15967
0.18188;0.23999;-0.95911
1.34277;-0.85449;-0.18311
0.17651;0.23547;-0.96472
0.30518;-1.09863;-0.61035
0.18506;0.23853;-0.96228
0.67139;-3.17383;0.24414
0.19934;0.21985;-0.99731
-0.24414;-3.72314;-0.73242
0.15686;0.26978;-0.98499
1.77002;-4.33350;0.42725
0.19202;0.27747;-1.02673
2.38037;-3.29590;0.91553
0.18481;0.29187;-0.99402
2.25830;-3.60107;3.17383
0.14844;0.24609;-0.96472
0.67139;-2.56348;2.07520
0.10852;0.25000;-0.92651
-0.67139;0.91553;4.02832
0.11865;0.18481;-0.92700
-1.89209;2.38037;2.74658
0.12256;0.21411;-0.93811
-0.42725;2.68555;4.63867
0.12451;0.16504;-0.93384
-5.12695;2.19727;-4.33350
0.09302;0.19495;-0.92761
-0.67139;2.44141;1.28174
0.19336;0.28162;-0.98767
0.48828;0.18311;-1.09863
0.11084;0.24182;-0.92944
-1.46484;3.23486;1.03760
0.17188;0.22400;-0.98193
-0.06104;3.11279;1.52588
0.07043;0.26929;-0.83569
-5.06592;5.67627;-7.81250
0.12683;0.07703;-0.89209
-0.79346;2.01416;6.65283
0.15869;0.20190;-0.83789
0.06104;3.54004;4.39453
0.55640;0.82410;-1.41650
32.16553;-3.72314;-26.79443
0.03894;0.32056;-0.90747
-21.97266;2.25830;-5.12695
0.17883;0.11182;-1.00171
4.45557;10.55908;4.94385
0.20398;0.29553;-0.93359
2.86865;8.36182;3.35693
0.20007;0.18848;-0.98328
-0.06104;2.62451;3.11279
0.18250;0.24878;-0.94788
-0.00000;1.46484;0.85449
0.21240;0.19507;-0.97571
1.83105;1.70898;1.03760
0.17468;0.25769;-0.95203
1.15967;-1.64795;-2.19727
0.19177;0.22119;-0.97437
-0.30518;0.85449;1.09863
0.18323;0.23889;-0.95703
1.46484;-0.30518;1.22070
0.17908;0.22241;-0.96106
-0.18311;-1.15967;-1.46484
0.18005;0.25000;-0.96069
1.15967;-2.56348;0.00000
0.17798;0.23242;-0.96570
-0.30518;-2.31934;-0.61035
0.20410;0.24414;-0.98242
0.97656;-3.23486;0.06104
0.18103;0.23694;-0.99365
1.22070;-1.40381;0.73242
0.22754;0.28540;-1.03333
3.35693;-3.66211;3.66211
0.20300;0.32056;-0.99316
2.31934;-2.80762;2.13623
0.12878;0.20813;-0.94849
-0.12207;-1.89209;-3.60107
0.11646;0.22473;-0.90906
-0.24414;1.34277;1.70898
0.12817;0.21960;-0.93726
-0.48828;1.28174;3.54004
0.13501;0.20508;-0.93311
-0.54932;1.03760;3.60107
0.14844;0.22205;-0.93738
0.30518;0.42725;2.25830
0.08362;0.20081;-0.92505
-0.73242;1.58691;-1.46484
0.20862;0.25964;-0.99231
1.58691;0.24414;2.38037
0.09265;0.24097;-0.90210
-2.86865;2.62451;-2.25830
0.15979;0.18555;-0.98938
-0.61035;2.74658;3.96729
0.10376;0.24939;-0.88855
-2.07520;4.33350;3.66211
0.14026;0.12866;-0.91724
-1.46484;4.08936;6.46973
0.09985;0.26538;-0.82642
-1.15967;1.95312;-0.79346
0.42126;0.05774;-1.07764
-0.00000;-1.22070;-1.22070
0.28748;0.55371;-1.05017
11.10840;-3.05176;-21.91162
0.15894;0.15491;-1.01892
-9.39941;3.84521;-1.46484
0.15588;0.25598;-0.94360
0.12207;6.53076;0.79346
0.17261;0.22778;-0.97998
-0.73242;6.22559;-1.28174
0.18408;0.23828;-0.95312
-0.42725;5.55420;2.80762
0.19556;0.21252;-0.97729
1.40381;2.86865;2.31934
0.18518;0.22864;-0.95837
2.07520;0.79346;-0.73242
0.18335;0.23425;-0.96802
1.46484;1.15967;-1.83105
0.18652;0.23706;-0.95837
1.95312;0.00000;0.91553
0.17554;0.23279;-0.96448
1.28174;1.28174;-0.12207
0.20349;0.23450;-0.96790
2.13623;1.15967;0.06104
0.18982;0.23621;-0.95959
0.54932;-0.48828;0.54932
0.24377;0.21558;-0.98657
0.91553;-2.74658;-1.64795
0.26306;0.27783;-1.01819
-0.85449;-3.35693;2.44141
0.20239;0.29993;-1.00378
0.42725;2.25830;8.17871
0.22449;0.25500;-0.94885
-1.28174;2.19727;7.69043
0.15295;0.18018;-0.91602
-0.91553;1.52588;1.52588
0.12390;0.20386;-0.91711
1.58691;-1.77002;0.30518
0.17285;0.23059;-0.94263
1.77002;-3.29590;1.52588
0.15369;0.24561;-0.95483
-0.00000;-2.13623;0.61035
0.15833;0.20264;-0.93567
-1.70898;0.48828;-2.07520
0.16443;0.21155;-0.96997
0.48828;0.97656;1.52588
0.14966;0.26428;-0.93311
-0.91553;1.58691;0.18311
0.13184;0.16541;-0.95618
-0.67139;3.29590;1.15967
0.14392;0.25879;-0.89978
-0.18311;2.68555;7.50732
-0.02209;0.17041;-0.81213
-4.15039;4.45557;-6.34766
0.21436;-0.05273;-0.92480
-1.64795;0.42725;-1.15967
0.61865;0.31262;-1.52979
37.10938;3.17383;-35.70557
0.15466;0.33862;-0.91113
-32.71484;3.60107;-1.03760
0.04077;0.01062;-0.90381
-4.76074;10.98633;-2.38037
0.26282;0.33826;-0.92493
10.80322;13.97705;8.23975
0.18420;0.20471;-0.98438
-9.09424;1.28174;-3.23486
0.20386;0.21667;-0.95422
2.50244;1.22070;1.03760
0.20703;0.22815;-0.96008
-0.00000;-0.97656;-3.17383
0.19629;0.22058;-0.96375
-3.05176;-1.22070;-4.39453
0.20715;0.21313;-0.97095
-1.15967;-0.97656;-2.44141
0.16748;0.24084;-0.95117
-4.57764;-1.64795;-2.62451
0.22949;0.19958;-0.96985
-0.91553;0.18311;-1.64795
0.18054;0.21106;-0.95935
-0.97656;-0.97656;-2.31934
0.19128;0.22046;-0.97522
0.42725;-1.09863;-0.18311
0.16589;0.22021;-0.95422
1.58691;1.52588;2.19727
0.19421;0.22253;-0.98096
4.63867;4.15039;4.08936
0.17773;0.24097;-0.95081
2.19727;6.53076;3.23486
0.36011;0.23047;-1.03479
2.80762;-1.77002;0.67139
0.27112;0.32678;-0.99158
2.31934;-5.79834;1.64795
0.21631;0.22937;-0.97461
1.52588;-8.05664;5.12695
0.13159;0.17664;-0.94238
2.19727;-8.23975;2.13623
0.13428;0.22156;-0.90210
2.99072;-7.56836;-3.66211
0.06018;0.21069;-0.89368
1.22070;-4.94385;-1.70898
0.16370;0.21594;-0.97229
0.67139;-3.29590;-2.50244
0.11267;0.26184;-0.93848
-1.46484;-0.91553;-2.74658
0.17639;0.20239;-0.99524
-1.03760;2.07520;1.40381
0.12598;0.29919;-0.93054
-3.17383;3.47900;-0.18311
0.00842;0.10388;-0.84937
-4.76074;6.89697;-0.48828
0.12622;0.12256;-0.92175
-1.95312;3.47900;0.67139
0.26379;0.21252;-0.93213
1.64795;-3.78418;2.07520
0.33374;0.31421;-1.25842
2.68555;-7.69043;-22.15576
0.03418;0.27759;-0.86389
-5.24902;2.13623;3.23486
0.16809;0.19458;-1.01099
-0.67139;11.96289;4.02832
0.18933;0.25452;-0.96082
-2.19727;7.69043;-0.06104
0.17761;0.17737;-0.99304
-0.06104;-0.48828;-3.60107
0.12463;0.27075;-0.94263
0.36621;-0.79346;-1.22070
0.17517;0.18555;-1.00464
0.24414;2.38037;-2.19727
0.17139;0.21008;-0.98499
-0.06104;3.47900;-2.19727
0.15833;0.22754;-0.95459
-0.97656;3.17383;1.34277
0.15259;0.19580;-0.95703
0.54932;2.86865;2.92969
0.18335;0.22253;-0.98059
1.09863;0.24414;-0.67139
0.19348;0.21594;-0.98621
2.56348;-1.22070;1.83105
0.18311;0.25476;-0.98877
3.17383;-2.07520;-0.30518
0.19055;0.26855;-1.02014
4.08936;-1.89209;3.29590
0.23645;0.27588;-1.03674
6.28662;-5.24902;11.41357
0.13416;0.21948;-0.92236
0.54932;-0.42725;4.45557
0.10742;0.14331;-0.91663
0.61035;1.64795;2.44141
0.07935;0.20715;-0.87878
-0.06104;1.03760;3.17383
0.18982;0.15625;-0.96008
0.18311;-2.19727;-4.76074
0.13794;0.29407;-0.97913
0.54932;-3.11279;-1.22070
0.17444;0.22534;-0.99170
-2.01416;2.31934;-0.48828
0.15723;0.27454;-0.96399
-2.38037;2.99072;2.62451
0.15686;0.18433;-0.95923
-1.52588;6.16455;5.31006
0.17810;0.22375;-0.97546
-1.64795;5.06592;4.21143
0.16589;0.22241;-0.95215
-1.40381;3.23486;0.73242
0.04712;0.18896;-0.84338
-3.78418;3.05176;-2.74658
0.10181;0.11572;-0.85986
-0.73242;0.54932;-2.86865
0.16943;0.20898;-0.97131
-4.33350;-1.22070;-13.42773
0.16321;0.52319;-0.90869
-0.00000;-4.51660;-5.92041
0.05493;0.12378;-0.94800
-9.39941;8.60596;-1.34277
0.27954;0.22937;-0.99255
4.15039;20.32471;14.28223
0.24976;0.18140;-1.02112
-3.41797;1.28174;-2.50244
0.16809;0.19470;-0.97327
1.46484;-3.29590;-1.95312
0.15637;0.27942;-0.95520
1.28174;-0.42725;0.06104
0.12817;0.18555;-0.93311
1.09863;3.23486;0.12207
0.21216;0.25012;-0.98840
1.64795;3.29590;1.40381
0.13745;0.22534;-0.94177
-0.42725;2.86865;1.46484
0.22424;0.21313;-1.00098
2.13623;1.58691;0.97656
0.18689;0.25867;-0.95911
1.03760;-1.46484;-0.85449
0.18616;0.22205;-1.00049
0.42725;-0.97656;-4.45557
0.18201;0.27588;-0.97168
2.01416;0.54932;3.47900
0.20862;0.26660;-1.05530
2.62451;0.54932;3.05176
0.20081;0.27368;-0.97327
2.38037;-0.24414;6.89697
0.17749;0.23987;-0.95154
2.38037;0.24414;7.44629
0.13354;0.15918;-0.91614
2.74658;-1.58691;9.21631
0.16382;0.22534;-0.92712
3.47900;-3.23486;8.78906
0.08557;0.23743;-0.89575
4.39453;-2.25830;8.66699
0.09827;0.14978;-0.92627
2.80762;-1.89209;16.47949
0.16760;0.19604;-0.96667
4.27246;0.00000;21.11816
0.25403;0.31848;-0.95703
0.97656;-0.18311;0.00000
0.31360;0.01941;-1.07349
-4.15039;-3.11279;-25.39062
-0.03540;0.44592;-0.82336
-3.66211;-0.97656;-15.93018
0.21509;0.18677;-0.99146
-4.45557;4.08936;-10.25391
0.27747;0.10913;-1.03308
-5.85938;-4.51660;-13.85498
0.16040;0.46814;-0.89062
-3.60107;-1.70898;-14.95361
0.14514;0.15173;-1.04443
-4.15039;6.10352;-13.00049
0.13647;0.33203;-0.95337
-4.33350;9.21631;-0.61035
0.17004;0.18921;-0.98267
-4.15039;5.06592;4.51660
0.15466;0.23169;-0.96240
-1.46484;1.40381;-0.36621
0.20557;0.19958;-0.99402
0.61035;-1.40381;0.67139
0.14258;0.23682;-0.95142
-0.48828;-0.61035;-1.64795
0.20251;0.19824;-0.99255
0.97656;2.92969;4.51660
0.14319;0.22375;-0.96423
-0.06104;-0.12207;-1.40381
0.19617;0.20325;-0.97473
2.38037;-0.67139;2.50244
0.15491;0.22644;-0.96826
0.30518;-0.73242;-1.52588
0.19568;0.23083;-0.97314
2.01416;-0.24414;2.19727
0.17004;0.24194;-0.98376
2.38037;-0.85449;3.11279
0.23499;0.26306;-1.05994
4.27246;-1.95312;5.00488
0.22900;0.31152;-1.03113
5.73730;-5.67627;5.79834
0.21228;0.24292;-0.96997
-0.06104;-2.19727;7.01904
0.10352;0.15100;-0.91431
0.42725;0.00000;3.60107
0.10669;0.18896;-0.90991
0.61035;0.18311;6.65283
0.11096;0.17969;-0.91394
0.73242;-1.28174;1.22070
0.06567;0.21008;-0.91504
-0.85449;-1.40381;-4.27246
0.09753;0.20520;-0.94727
-0.79346;4.33350;-5.49316
0.21326;0.26514;-1.00415
1.34277;4.08936;4.82178
0.17896;0.30200;-0.97266
-3.41797;2.68555;-0.97656
0.10718;0.14343;-0.92078
-3.66211;8.48389;7.20215
0.03796;0.18677;-0.84290
-5.79834;8.85010;4.21143
0.15686;0.02979;-0.93933
-0.36621;5.31006;3.90625
0.59424;0.47205;-1.34045
5.24902;-3.29590;0.18311
0.15417;0.31873;-0.96423
-8.23975;1.70898;-2.13623
0.19861;0.11353;-1.00488
-3.41797;15.07568;3.23486
0.20251;0.24719;-0.92175
0.12207;10.80322;-1.09863
0.27332;0.17053;-0.99744
-0.97656;-0.54932;-3.11279
0.15857;0.22693;-0.94617
0.06104;-2.74658;-2.86865
0.22595;0.19983;-0.99561
2.01416;-0.73242;-0.85449
0.15002;0.23547;-0.94104
-2.25830;0.18311;-0.12207
0.24561;0.19080;-1.00854
2.74658;2.25830;3.05176
0.18140;0.23950;-0.92212
-3.66211;-0.79346;-0.42725
0.19800;0.17810;-0.98206
1.22070;2.92969;2.25830
0.18835;0.23657;-0.95154
1.40381;1.77002;0.48828
0.22424;0.18652;-1.00793
1.83105;-2.74658;-1.95312
0.18689;0.26770;-0.93518
3.05176;-4.51660;1.03760
0.15894;0.19250;-0.98779
3.72314;-2.68555;-2.19727
0.21094;0.28296;-0.98621
5.00488;-3.90625;-3.60107
0.23120;0.26758;-1.00562
2.68555;-4.45557;-2.31934
0.18420;0.25012;-0.98645
3.78418;-4.39453;2.19727
0.20789;0.24121;-0.99402
4.02832;-5.37109;4.02832
0.15393;0.25049;-0.93567
2.07520;-5.55420;3.41797
0.16785;0.20911;-0.94922
2.25830;-4.27246;5.06592
0.11328;0.21887;-0.93567
1.46484;-3.29590;1.03760
0.06055;0.21594;-0.92468
1.28174;-3.72314;-3.47900
0.04272;0.22717;-0.87317
1.58691;-3.11279;-3.29590
-0.02673;0.12146;-0.89575
1.58691;0.97656;8.11768
0.09839;0.24084;-0.88318
3.90625;3.66211;7.50732
0.11182;0.29272;-0.82849
-2.92969;5.06592;-7.87354
0.33655;0.17029;-1.21558
1.64795;-2.13623;-13.73291
0.07007;0.52844;-0.81982
-11.10840;6.65283;-14.40430
0.44653;0.03027;-1.24475
-2.80762;8.36182;-2.74658
0.08508;0.35278;-0.88831
-8.36182;6.65283;-4.15039
0.23267;0.18481;-0.98181
-0.67139;11.47461;11.10840
0.15100;0.24670;-0.93799
-2.38037;4.57764;1.58691
0.20898;0.18445;-0.97961
1.46484;1.89209;2.99072
0.17847;0.27283;-0.99170
2.31934;-2.01416;1.34277
0.17578;0.20996;-0.95374
1.89209;-1.89209;2.50244
0.15698;0.25317;-0.95923
2.68555;-0.97656;2.86865
0.13965;0.24194;-0.94482
0.97656;0.61035;-0.73242
0.15869;0.23621;-0.96997
2.31934;1.03760;2.25830
0.17297;0.25244;-0.95483
1.95312;0.73242;2.80762
0.17505;0.24060;-0.98401
2.31934;-1.64795;1.22070
0.14417;0.27246;-0.97083
1.77002;-1.70898;0.06104
0.25562;0.30286;-1.04492
3.54004;-3.29590;-1.95312
0.20398;0.32422;-1.02258
2.38037;-3.17383;1.64795
0.13062;0.24805;-0.95325
0.85449;-1.95312;4.15039
0.08044;0.21265;-0.87756
0.91553;0.30518;6.22559
0.08813;0.17664;-0.90100
1.09863;0.54932;0.85449
0.05273;0.22559;-0.86377
-0.36621;2.13623;-1.58691
0.11633;0.18213;-0.97583
1.40381;1.64795;1.09863
0.24719;0.33484;-1.03809
2.44141;0.06104;1.89209
0.14636;0.26672;-0.97009
-2.50244;0.73242;-3.84521
0.10559;0.21240;-0.92212
-1.58691;1.83105;1.64795
-0.02673;0.16675;-0.83057
-4.08936;5.24902;-0.36621
0.13708;0.16040;-0.90259
-1.09863;1.22070;2.56348
0.18530;0.20959;-1.01282
-5.37109;-0.30518;-16.17432
0.40869;0.57507;-1.14648
8.30078;-4.21143;-18.61572
0.09265;0.32581;-1.01196
-6.65283;-0.91553;-5.61523
0.08215;0.16016;-0.91101
-3.11279;7.93457;7.56836
0.22058;0.30054;-0.98450
-1.40381;6.34766;3.41797
0.15015;0.21790;-0.97998
-1.28174;0.73242;-0.36621
0.18921;0.23987;-1.00122
2.07520;-2.31934;-1.15967
0.12244;0.24536;-0.93970
-0.61035;0.42725;-1.34277
0.16748;0.21130;-0.96643
0.42725;2.68555;2.13623
0.15405;0.24963;-0.96155
0.36621;2.38037;2.38037
0.17236;0.22412;-0.99133
2.38037;0.67139;0.67139
0.16162;0.25366;-0.99500
-0.24414;-2.13623;-3.11279
0.17566;0.25159;-0.98938
2.31934;0.67139;1.15967
0.16455;0.28943;-1.00061
2.68555;-1.52588;0.91553
0.16895;0.26746;-0.97083
2.86865;-1.58691;5.37109
0.15320;0.25415;-0.98291
3.17383;0.48828;7.26318
0.16895;0.25354;-0.98352
3.41797;0.42725;8.78906
0.21277;0.23254;-0.94629
0.48828;-0.06104;7.50732
0.11548;0.20081;-0.91284
-0.73242;-0.18311;1.70898
0.11304;0.20398;-0.91980
0.06104;0.79346;1.52588
0.08606;0.23547;-0.90894
-0.48828;0.30518;-0.42725
0.13965;0.18469;-0.99146
0.24414;1.09863;-2.07520
0.18689;0.31580;-0.97058
-0.00000;-0.18311;-2.74658
0.13367;0.25708;-0.96497
-2.62451;1.58691;-3.17383
0.11121;0.22461;-0.92505
-1.22070;3.60107;6.59180
0.01904;0.20850;-0.78333
-7.08008;7.50732;-3.35693
0.12793;0.01172;-0.90588
-2.25830;5.37109;-0.30518
0.38074;0.50549;-1.06824
-3.54004;-0.30518;-8.30078
0.21106;0.41479;-1.08215
-12.14600;-1.83105;-12.26807
0.08972;0.19775;-0.92871
-10.19287;4.82178;4.45557
0.16052;0.22437;-0.96375
0.67139;6.46973;6.22559
0.15662;0.21265;-0.93994
-2.25830;2.13623;-3.23486
0.22498;0.22156;-1.01599
2.19727;0.67139;-2.56348
0.17114;0.26978;-0.96619
-1.09863;-1.52588;0.73242
0.16895;0.18616;-0.95911
1.89209;-0.06104;2.01416
0.12659;0.24646;-0.91968
0.36621;1.46484;0.48828
0.20715;0.20605;-1.00488
2.13623;1.95312;2.38037
0.18396;0.26379;-0.95947
0.73242;-0.67139;-0.54932
0.16797;0.22290;-0.97449
1.40381;-0.06104;1.58691
0.16272;0.26306;-0.95776
1.15967;-0.12207;1.95312
0.17810;0.23865;-1.01917
0.97656;-1.46484;-4.15039
0.19971;0.29468;-0.99390
2.62451;-3.60107;-0.48828
0.18689;0.26111;-1.02271
4.51660;-4.45557;6.04248
0.18958;0.30188;-0.97839
4.82178;-2.92969;10.31494
0.13220;0.26038;-0.92517
2.92969;-1.09863;7.81250
0.07397;0.20959;-0.88135
2.38037;0.91553;10.25391
0.12988;0.14417;-0.93188
0.61035;0.12207;7.99561
0.14807;0.23792;-0.96289
-0.00000;0.30518;4.45557
0.13806;0.20007;-0.96045
-2.56348;0.48828;-2.13623
0.15698;0.28381;-0.94080
0.24414;3.29590;6.28662
0.13342;0.23218;-0.96252
-2.62451;2.99072;-5.12695
0.17285;0.29260;-0.95007
-0.67139;1.28174;-1.89209
0.10059;0.19531;-0.89856
-6.10352;2.62451;-13.06152
0.15308;0.16772;-0.93762
0.30518;4.15039;9.76562
0.10767;0.20923;-0.71973
-11.71875;5.31006;-18.00537
0.24438;-0.11157;-1.23486
5.00488;0.48828;-0.36621
0.38745;0.67432;-0.92004
3.96729;0.36621;-22.82715
0.04944;-0.01770;-1.03442
-3.96729;7.62939;3.84521
0.15454;0.24524;-0.89465
-2.86865;5.85938;8.78906
0.22522;0.15613;-1.01697
-0.91553;5.12695;2.50244
0.18103;0.28650;-0.95227
1.77002;1.52588;1.58691
0.20801;0.18311;-1.01318
0.97656;-0.36621;1.70898
0.15906;0.26550;-0.93848
1.03760;-1.52588;2.62451
0.15051;0.16187;-0.96655
-0.48828;1.77002;-0.42725
0.17432;0.28394;-0.95398
2.19727;1.09863;3.17383
0.17273;0.19788;-0.98181
-0.18311;2.50244;0.00000
0.18713;0.25537;-0.94324
2.50244;0.91553;4.27246
0.18469;0.18140;-0.97900
0.36621;-0.12207;-1.34277
0.17786;0.26050;-0.95020
0.42725;0.36621;0.61035
0.15222;0.22083;-0.95801
-0.30518;1.58691;0.24414
0.16919;0.22864;-0.95483
0.61035;0.85449;2.07520
0.17285;0.23596;-0.96643
0.18311;0.06104;0.61035
0.17883;0.25171;-0.97058
1.52588;-1.22070;0.97656
0.18835;0.23950;-0.99316
1.15967;0.18311;-0.79346
0.22083;0.27966;-0.99756
2.80762;-2.56348;0.06104
0.20752;0.27368;-1.00366
3.11279;-3.84521;-0.67139
0.17993;0.25867;-1.00757
1.77002;-3.72314;1.46484
0.18323;0.24695;-0.95496
1.03760;-1.40381;1.70898
0.14453;0.22375;-0.92371
0.12207;0.36621;2.19727
0.10596;0.20972;-0.91602
-0.12207;0.85449;3.17383
0.13354;0.20972;-0.93835
0.61035;0.36621;5.79834
0.02942;0.20801;-0.89294
-2.01416;1.40381;-4.76074
0.09546;0.19775;-0.93567
0.97656;0.91553;3.84521
0.15430;0.25024;-0.92981
-1.46484;1.77002;-0.67139
0.12549;0.06763;-0.92590
-1.34277;3.11279;5.98145
0.10425;0.30603;-0.85596
-3.35693;5.06592;-2.07520
0.16504;0.09180;-0.94446
-7.44629;4.94385;-13.73291
0.46484;0.68909;-1.29504
21.17920;-1.09863;-11.71875
0.13013;0.27954;-0.98767
-17.33398;5.73730;2.25830
0.14429;0.12720;-0.94214
-0.54932;7.50732;7.81250
0.18542;0.23718;-0.93005
-0.18311;5.79834;2.62451
0.21082;0.20935;-0.97839
2.13623;2.38037;-1.22070
0.20374;0.26636;-0.97754
3.41797;0.97656;0.67139
0.18091;0.22290;-0.96887
-0.18311;0.67139;0.18311
0.16650;0.24512;-0.94983
1.52588;1.03760;1.64795
0.17993;0.19177;-0.97119
2.50244;0.48828;0.48828
0.20190;0.27087;-0.96582
2.56348;-0.48828;-0.79346
0.17102;0.22803;-0.96143
-0.06104;-0.48828;-0.85449
0.16614;0.23413;-0.96240
1.52588;-0.18311;1.40381
0.18091;0.22766;-0.95569
1.09863;0.73242;1.15967
0.19751;0.26599;-0.96631
1.95312;-0.36621;0.12207
0.23657;0.27698;-1.01721
2.07520;-3.35693;0.06104
0.22131;0.28381;-0.98560
3.11279;-3.90625;3.84521
0.21509;0.30176;-0.98975
3.54004;-3.72314;5.12695
0.19922;0.24915;-0.97375
1.28174;-3.47900;-1.40381
0.15491;0.23010;-0.91370
-0.48828;0.30518;6.16455
0.09106;0.19141;-0.91077
-1.89209;3.05176;1.64795
0.13086;0.22058;-0.91907
-0.67139;0.91553;2.19727
0.09778;0.22473;-0.91504
-0.91553;0.36621;-4.57764
0.06824;0.22253;-0.89026
-0.42725;0.91553;-0.06104
0.16992;0.18127;-1.00598
0.42725;0.67139;-0.24414
0.10876;0.27856;-0.86658
-1.77002;2.44141;7.08008
-0.00366;0.10474;-0.86316
-4.15039;7.62939;-0.97656
0.21863;0.20447;-0.94910
-0.61035;6.53076;9.52148
0.42029;0.22791;-1.13928
-0.42725;-0.85449;-14.52637
0.27954;0.48596;-1.08008
6.46973;-3.05176;-10.00977
0.05103;0.21399;-0.94287
-13.42773;5.55420;-3.96729
0.17358;0.22339;-0.94702
3.78418;8.97217;10.37598
0.18640;0.23926;-0.94348
-2.80762;4.45557;-2.99072
0.22327;0.24927;-0.99170
3.84521;1.77002;0.67139
0.19971;0.23889;-0.98962
-1.95312;-2.56348;-1.28174
0.18982;0.24609;-0.96082
2.07520;-1.70898;1.34277
0.16687;0.24292;-0.93994
-1.46484;0.67139;-0.42725
0.17700;0.20569;-0.96191
1.83105;0.18311;0.73242
0.21558;0.24133;-0.97827
0.12207;0.24414;-1.70898
0.18506;0.24170;-0.97620
1.22070;1.03760;1.64795
0.18201;0.25916;-0.96350
0.24414;-1.03760;0.06104
0.18616;0.22107;-0.96191
1.40381;-0.85449;0.61035
0.24353;0.29321;-0.98926
1.15967;-0.73242;-1.95312
0.23462;0.29358;-1.00671
2.07520;-5.00488;-3.78418
0.22388;0.27673;-1.01782
3.41797;-7.01904;-0.48828
0.16821;0.27380;-0.96094
2.25830;-5.06592;3.47900
0.11572;0.24390;-0.89233
-0.54932;-1.40381;1.34277
0.03796;0.16968;-0.90173
-1.28174;2.31934;-1.89209
0.06555;0.19482;-0.89966
-1.77002;0.36621;-3.66211
0.15295;0.22693;-0.95679
1.52588;-0.42725;-0.48828
0.18799;0.30066;-0.96167
0.12207;0.73242;0.00000
0.15698;0.21143;-0.99207
-1.22070;2.56348;0.91553
0.09900;0.24976;-0.89246
-2.92969;4.21143;1.89209
-0.11108;0.06677;-0.79211
-6.34766;5.85938;-4.88281
0.17688;0.15198;-0.90344
-1.70898;1.46484;0.85449
0.44067;0.25610;-1.18982
-3.35693;-1.83105;-17.57812
0.21997;0.51660;-1.14954
-10.31494;-0.42725;-23.31543
0.04907;0.21899;-0.92163
-6.46973;6.16455;0.18311
0.13843;0.19067;-0.93152
-0.91553;10.80322;12.81738
0.21179;0.24597;-0.96594
-0.06104;4.33350;0.18311
0.20105;0.22473;-1.00842
2.19727;-0.91553;-2.31934
0.19922;0.24927;-0.97461
1.89209;-1.34277;4.02832
0.14417;0.23718;-0.95093
1.34277;0.06104;1.15967
0.15796;0.19800;-0.94421
0.36621;2.25830;1.64795
0.19336;0.25244;-0.98462
2.99072;1.34277;4.08936
0.15747;0.24390;-0.96570
0.85449;-0.67139;0.30518
0.19434;0.25977;-0.98669
2.25830;-0.79346;2.74658
0.19568;0.26111;-0.97522
1.95312;-2.19727;3.47900
0.17529;0.25574;-0.98474
1.89209;-0.24414;2.01416
0.19080;0.26953;-0.97437
2.38037;-0.61035;4.69971
0.21814;0.25256;-0.99487
2.92969;-1.52588;6.10352
0.15515;0.25293;-0.97046
1.34277;-3.78418;1.03760
0.13403;0.24121;-0.92578
0.61035;-0.30518;4.57764
0.11328;0.18835;-0.91467
-0.42725;0.18311;4.45557
0.14917;0.15979;-0.93713
-0.00000;0.24414;1.77002
0.09155;0.24780;-0.89282
-2.92969;0.54932;-9.03320
0.15955;0.19067;-0.97900
1.46484;0.79346;1.09863
0.21216;0.35266;-0.97754
1.34277;0.67139;0.91553
0.15381;0.18896;-0.97925
-2.31934;3.84521;-1.77002
0.12500;0.23767;-0.92896
-0.36621;4.21143;5.85938
0.02881;0.18811;-0.85852
-4.63867;6.28662;-2.44141
0.08325;0.15601;-0.85376
-0.67139;5.98145;6.95801
0.25818;0.14282;-0.98621
-3.05176;5.31006;-2.86865
0.28979;0.32849;-1.00745
10.37598;-3.11279;-4.27246
0.27271;0.31018;-1.12427
-10.80322;-3.05176;-16.78467
0.08740;0.19885;-0.92700
-7.99561;3.11279;4.21143
0.17529;0.21619;-0.95349
1.77002;5.79834;4.45557
0.19080;0.22815;-0.95715
-0.24414;3.17383;-2.62451
0.20203;0.24219;-0.97253
3.17383;2.44141;2.86865
0.20886;0.24805;-0.96814
1.03760;-0.85449;0.30518
0.16821;0.24426;-0.93848
-0.73242;-0.06104;1.03760
0.17664;0.20923;-0.97314
-0.12207;1.89209;-0.30518
0.19983;0.26160;-0.95605
2.86865;1.34277;1.22070
0.19409;0.23389;-0.96741
1.28174;-1.34277;0.73242
0.18628;0.25537;-0.96936
-0.42725;-0.54932;-0.30518
0.18018;0.22949;-0.94958
-0.85449;0.30518;2.01416
0.23547;0.25342;-0.98730
1.40381;-1.34277;-0.24414
0.20691;0.29919;-0.99512
0.06104;-2.31934;0.00000
0.19287;0.27063;-0.98987
2.56348;-3.54004;-0.18311
0.19080;0.28711;-0.96191
2.13623;-2.74658;1.22070
0.17371;0.21118;-0.96021
1.70898;-2.74658;-0.54932
0.10376;0.21765;-0.91760
0.12207;-0.79346;1.34277
0.12280;0.24438;-0.91516
-0.30518;0.18311;1.34277
0.13464;0.18054;-0.94690
-1.46484;-0.73242;0.67139
0.05627;0.22046;-0.90247
-0.67139;0.36621;-6.77490
0.19519;0.24109;-0.99158
0.67139;1.03760;0.61035
0.20813;0.32178;-0.97803
0.54932;0.42725;1.15967
0.10669;0.21252;-0.94934
-2.19727;2.74658;-1.40381
0.04224;0.16064;-0.90442
-1.52588;5.18799;7.01904
0.01184;0.20496;-0.79944
-3.66211;6.95801;2.99072
0.16028;0.12610;-0.93359
-3.54004;5.49316;0.79346
0.36597;0.15662;-1.09827
-4.94385;5.55420;-6.89697
0.31055;0.56970;-0.94800
8.97217;3.78418;-1.77002
0.05042;0.14758;-0.98767
-31.49414;4.63867;-3.17383
0.18152;0.19812;-0.95166
4.33350;6.10352;6.59180
0.20630;0.26196;-0.96167
-2.62451;3.23486;-4.02832
0.20996;0.20325;-0.99158
2.50244;0.48828;0.30518
0.20007;0.25500;-0.97278
0.30518;-0.67139;0.18311
0.17053;0.21997;-0.94873
-0.24414;1.22070;1.34277
0.17310;0.23132;-0.95569
-0.00000;1.64795;-0.73242
0.20166;0.23303;-0.96252
2.80762;2.13623;1.95312
0.18604;0.23816;-0.95776
1.22070;0.18311;0.00000
0.18640;0.23669;-0.95825
0.79346;0.24414;0.00000
0.18469;0.24768;-0.95862
0.85449;0.97656;0.54932
0.20422;0.23083;-0.96484
1.70898;-0.12207;0.79346
0.19153;0.25781;-0.97278
1.70898;-0.42725;0.97656
0.23035;0.26404;-1.01697
0.12207;-2.01416;-1.40381
0.22778;0.33130;-1.01807
0.85449;-5.06592;4.33350
0.22437;0.28149;-0.98145
3.41797;-3.96729;7.62939
0.14832;0.25427;-0.93384
1.28174;-1.64795;6.16455
0.16760;0.18970;-0.93066
0.30518;-1.70898;3.17383
0.13733;0.22339;-0.93005
-1.22070;0.91553;1.40381
0.13879;0.18909;-0.93433
-0.48828;-0.67139;-0.73242
0.14966;0.17627;-0.95947
-2.01416;-0.85449;-3.29590
0.11658;0.24780;-0.92712
-1.58691;2.07520;-2.80762
0.17737;0.18311;-0.98328
-0.36621;1.46484;3.35693
0.16113;0.31433;-0.91260
-1.52588;2.31934;-0.97656
0.14673;0.14600;-0.99451
-0.97656;3.66211;1.40381
0.14417;0.24475;-0.91345
0.48828;4.57764;7.62939
0.10303;0.24634;-0.87146
-2.01416;3.23486;2.13623
0.12146;0.08081;-0.92566
-5.06592;6.46973;-1.89209
0.27002;0.25598;-0.94897
21.36230;2.68555;3.41797
0.31592;0.27075;-1.18982
-1.34277;0.97656;-24.96338
0.18713;0.26746;-0.94165
-4.82178;2.25830;3.17383
0.12292;0.18127;-0.93225
-3.84521;4.33350;0.85449
0.21814;0.24341;-0.96826
4.27246;6.04248;0.79346
0.20056;0.26111;-0.96057
0.67139;2.80762;0.54932
0.23132;0.23779;-0.96973
1.77002;-0.06104;0.97656
0.17017;0.24170;-0.94507
-0.30518;0.61035;0.67139
0.19556;0.22949;-0.96594
0.97656;2.74658;1.09863
0.19592;0.23938;-0.95618
0.06104;1.64795;1.03760
0.20325;0.24109;-0.96484
2.56348;0.36621;1.28174
0.18774;0.24719;-0.94531
-0.36621;-0.54932;-1.22070
0.19104;0.23877;-0.95703
1.34277;1.22070;0.18311
0.19531;0.25134;-0.95435
1.70898;0.79346;-0.54932
0.20081;0.24512;-0.96240
2.13623;-0.06104;0.00000
0.20325;0.25903;-0.96509
1.34277;0.61035;-0.36621
0.22437;0.27551;-0.99854
3.78418;1.89209;5.06592
0.27222;0.34290;-0.98669
3.54004;2.07520;9.82666
0.25391;0.30359;-0.98169
-7.44629;-1.09863;12.02393
0.20251;0.22595;-0.93188
-1.58691;-1.09863;10.43701
0.14062;0.18103;-0.93420
1.70898;-1.09863;4.69971
0.14844;0.18921;-0.91333
2.31934;-2.19727;5.79834
0.18726;0.23938;-0.94080
0.73242;-1.52588;2.01416
0.18481;0.25012;-0.96973
-0.12207;-0.79346;-3.66211
0.16541;0.23730;-0.93298
-2.44141;0.42725;-2.86865
0.12854;0.15356;-0.95239
-3.72314;2.19727;-6.34766
0.16418;0.27441;-0.91553
-0.30518;1.77002;1.28174
0.11633;0.14172;-0.90906
-4.57764;1.58691;-5.67627
0.13208;0.12854;-0.89746
-0.42725;4.15039;7.26318
0.07812;0.18713;-0.81433
-6.22559;4.39453;-15.07568
0.19177;-0.03369;-1.00439
10.62012;5.00488;-13.73291
0.32788;0.49792;-1.02649
-10.31494;3.47900;-7.26318
0.17444;0.07605;-0.99512
-18.55469;4.02832;3.54004
0.18616;0.27783;-0.93054
4.15039;3.17383;3.29590
0.22339;0.20898;-0.97644
-3.23486;1.70898;-1.89209
0.20972;0.24744;-0.95959
0.42725;1.22070;0.91553
0.22107;0.23120;-0.96484
-0.85449;-0.97656;0.67139
0.18188;0.24304;-0.94653
-0.42725;-0.36621;-0.18311
0.20557;0.22791;-0.96631
1.22070;2.44141;3.41797
0.20142;0.23108;-0.95337
0.30518;0.06104;0.06104
0.21082;0.24133;-0.97571
1.89209;-0.24414;-0.06104
0.20020;0.24658;-0.95032
-0.36621;-0.61035;-0.42725
0.20801;0.22729;-0.97632
-0.85449;0.79346;-1.70898
0.20312;0.29163;-0.94739
-0.79346;2.56348;0.42725
0.21558;0.23242;-0.97253
-2.44141;2.44141;-2.86865
0.26904;0.24146;-0.99426
2.62451;-0.30518;-4.63867
0.22192;0.25012;-0.97009
6.04248;-2.92969;-6.28662
0.20532;0.27625;-1.00061
8.60596;-2.38037;-2.38037
0.22961;0.30481;-0.99915
6.89697;-2.01416;-5.79834
0.21375;0.26758;-0.94800
6.28662;-1.83105;2.68555
0.12598;0.21680;-0.90381
3.66211;1.22070;0.30518
0.10107;0.23035;-0.89868
3.66211;1.95312;5.67627
0.14233;0.29333;-0.89990
1.52588;1.70898;2.01416
0.12427;0.22717;-0.91431
-0.42725;2.68555;-1.46484
0.20447;0.25024;-0.98242
1.46484;2.56348;2.31934
0.20642;0.34985;-0.90613
-0.06104;2.80762;2.92969
0.15613;0.25574;-0.93176
-2.86865;2.25830;-2.74658
0.07239;0.16064;-0.88025
-2.56348;2.31934;-3.29590
0.14380;0.22791;-0.91235
-0.24414;3.17383;4.21143
0.17480;0.27185;-0.85681
-6.22559;4.94385;-2.62451
0.35376;0.38293;-1.17810
13.73291;-0.18311;-0.61035
0.26477;0.49170;-0.87537
-13.48877;4.51660;-8.11768
0.17383;0.12512;-0.97961
-5.18799;11.84082;3.23486
0.22754;0.31555;-0.90356
5.98145;8.42285;0.54932
0.25598;0.25500;-0.98438
1.83105;1.15967;-3.05176
0.23157;0.27039;-0.93970
3.17383;-0.91553;0.06104
0.24353;0.26807;-0.95374
1.52588;-1.15967;-1.22070
0.20874;0.28455;-0.93628
-3.05176;-2.31934;-4.82178
0.21790;0.26379;-0.95679
1.46484;-1.28174;-0.67139
0.21765;0.28540;-0.94202
0.79346;-2.68555;-2.44141
0.20581;0.26831;-0.94983
0.48828;-2.74658;-0.42725
0.22961;0.29102;-0.95154
-0.48828;-3.84521;-2.31934
0.20850;0.29187;-0.95569
-1.40381;-3.78418;-0.24414
0.20349;0.28223;-0.96619
2.19727;-4.15039;2.01416
0.22632;0.31299;-0.97925
2.99072;-4.88281;1.83105
0.23853;0.32593;-0.97986
3.05176;-5.98145;1.09863
0.22705;0.30237;-1.00415
0.79346;-8.05664;-4.63867
0.13306;0.29065;-0.93188
0.48828;-3.96729;0.48828
0.09094;0.24548;-0.91174
0.06104;-0.18311;5.18799
0.10022;0.30640;-0.85999
-1.03760;0.12207;4.33350
0.10828;0.21997;-0.91296
-4.15039;-0.18311;-3.47900
0.07483;0.22144;-0.92834
-3.23486;1.28174;-7.93457
0.20605;0.36511;-0.95703
0.24414;-0.36621;3.23486
0.16187;0.24915;-0.98718
-4.21143;-0.30518;-4.15039
0.11499;0.26843;-0.93079
-2.80762;3.96729;1.34277
0.10950;0.29260;-0.91699
-3.41797;3.60107;-1.40381
0.10022;0.21265;-0.92603
-3.23486;4.21143;-0.36621
0.15149;0.25073;-0.90906
-4.45557;2.92969;-6.53076
-0.04785;0.14685;-0.87927
-5.37109;5.31006;-5.98145
0.17322;0.23364;-0.89270
-5.61523;4.88281;1.28174
0.52942;0.64111;-1.37183
2.19727;4.45557;-3.60107
0.19568;0.33948;-1.02649
-10.31494;3.84521;1.40381
0.15332;0.18799;-0.93042
0.12207;9.15527;9.52148
0.18994;0.26343;-0.92224
-0.85449;6.83594;3.78418
0.18799;0.22180;-0.98792
0.06104;2.99072;-2.38037
0.20374;0.27039;-0.95740
1.95312;3.41797;4.51660
0.19421;0.24792;-0.96265
1.52588;-0.30518;2.01416
0.16992;0.24133;-0.94287
1.09863;0.79346;2.56348
0.20801;0.25720;-0.95813
1.09863;1.22070;0.91553
0.18250;0.23999;-0.94836
0.79346;0.79346;1.77002
0.19666;0.24768;-0.95911
3.41797;1.70898;2.38037
0.19751;0.27173;-0.95105
0.48828;1.03760;-0.42725
0.19714;0.24854;-0.96631
0.67139;1.34277;0.00000
0.22290;0.30371;-0.99841
5.31006;3.47900;8.42285
0.27734;0.33826;-1.02087
0.85449;-2.56348;11.65771
0.25195;0.28601;-0.95691
1.89209;-6.53076;17.45605
0.16016;0.21570;-0.91089
0.79346;-2.99072;10.13184
0.17542;0.21204;-0.91333
2.01416;-1.83105;9.39941
0.17993;0.29175;-0.91931
-0.54932;-0.36621;2.68555
0.19519;0.20874;-0.94470
-2.50244;-0.12207;-3.72314
0.17847;0.21826;-0.96277
-2.13623;-1.46484;-5.00488
0.20312;0.27649;-0.97485
-0.36621;-0.06104;-1.09863
0.14014;0.21497;-0.92834
-4.94385;1.28174;-4.76074
0.06677;0.17822;-0.88855
-3.29590;3.11279;-2.99072
0.06360;0.20679;-0.85059
-1.95312;3.84521;4.57764
0.16748;0.04724;-0.87500
-5.37109;3.11279;-6.77490
0.38013;0.27930;-1.05115
11.77979;-1.09863;-4.63867
0.37183;0.44397;-1.18433
5.18799;15.74707;-16.17432
0.25549;0.15283;-0.96655
-8.42285;15.86914;11.59668
0.22253;0.21313;-0.93066
-1.64795;-0.06104;-3.78418
0.24219;0.24561;-0.97412
2.86865;-3.54004;-1.89209
0.18652;0.24121;-0.93604
-0.12207;-0.30518;-0.30518
0.20959;0.24487;-0.96252
-1.34277;0.61035;-1.58691
0.20691;0.27026;-0.95203
-0.67139;0.12207;0.30518
0.20312;0.22766;-0.95459
-1.03760;0.18311;0.24414
0.22729;0.26404;-0.96204
1.58691;-0.36621;0.54932
0.20581;0.24719;-0.95068
-1.70898;-0.61035;-0.24414
0.19653;0.21985;-0.95154
-0.91553;-0.73242;-0.67139
0.21326;0.25098;-0.95715
2.86865;-0.36621;0.61035
0.21851;0.25586;-0.97229
1.22070;-0.42725;-0.36621
0.26123;0.26550;-0.98523
0.24414;-1.28174;-2.44141
0.26257;0.29456;-1.00305
-1.83105;-3.05176;3.84521
0.27527;0.27856;-0.99548
1.95312;-6.89697;4.76074
0.20398;0.23218;-0.95557
1.09863;-6.16455;-2.38037
0.11438;0.18567;-0.90576
0.61035;-2.31934;-0.30518
0.09253;0.18384;-0.90845
-0.67139;0.24414;0.00000
0.14880;0.24915;-0.92859
0.91553;0.36621;0.85449
0.13123;0.19104;-0.93774
-0.00000;1.03760;-1.89209
0.17981;0.23962;-0.95679
-0.48828;0.79346;-3.96729
0.19275;0.27698;-0.95776
0.67139;1.22070;0.48828
0.16016;0.24438;-0.95007
-1.46484;1.95312;-3.05176
0.12085;0.18530;-0.93323
-1.22070;3.78418;0.00000
0.05090;0.19788;-0.82751
-1.58691;4.51660;4.88281
0.00159;0.08228;-0.88843
-4.15039;8.05664;-12.20703
0.29663;0.40002;-1.08704
3.96729;1.64795;9.09424
0.41870;0.53003;-1.22998
25.20752;4.33350;-17.51709
0.19299;0.25244;-0.97400
-11.96289;3.66211;2.31934
0.12305;0.20764;-0.88416
-2.50244;6.22559;2.86865
0.21301;0.18994;-0.95264
-0.97656;2.38037;-2.56348
0.20618;0.29565;-0.96643
3.47900;5.92041;1.28174
0.23303;0.22595;-0.96899
-2.13623;1.46484;1.03760
0.20093;0.26416;-0.96362
-0.42725;-1.70898;-2.31934
0.16956;0.24890;-0.91431
-3.84521;1.89209;0.73242
0.22620;0.21326;-0.99097
2.31934;1.40381;1.28174
0.20532;0.25305;-0.94238
0.36621;1.15967;0.61035
0.20959;0.24438;-0.97021
1.34277;-0.24414;-0.30518
0.19824;0.25366;-0.93848
0.97656;-0.12207;1.34277
0.20801;0.24414;-0.97388
1.95312;-0.24414;-0.67139
0.20837;0.27869;-0.95361
1.58691;0.91553;2.01416
0.27112;0.26086;-1.00049
-0.30518;-2.07520;-0.97656
0.29932;0.32117;-0.96948
0.24414;-5.18799;5.55420
0.27100;0.28882;-0.99121
2.68555;-3.78418;7.08008
0.21973;0.21912;-0.95044
2.07520;-4.27246;4.21143
0.12854;0.20935;-0.89587
0.48828;-0.97656;5.55420
0.11865;0.22424;-0.89734
-0.61035;1.58691;1.58691
0.14136;0.21826;-0.93225
-1.64795;0.06104;-5.06592
0.09680;0.20276;-0.92346
-2.62451;1.34277;-4.63867
0.19202;0.21362;-0.97510
-0.06104;3.41797;2.44141
0.19983;0.29700;-0.92334
-1.83105;2.86865;0.24414
0.17603;0.21997;-0.96729
-2.07520;4.33350;0.54932
0.03625;0.14258;-0.83997
-2.92969;6.83594;1.15967
0.15588;0.01843;-0.93152
-1.89209;2.44141;-4.39453
0.09497;0.34082;-0.86975
3.29590;2.13623;-9.27734
0.35620;0.44373;-1.10510
13.06152;5.98145;-14.34326
0.14111;0.16565;-0.98596
-18.06641;3.29590;-0.48828
0.19177;0.24780;-0.93921
4.27246;9.27734;5.12695
0.23425;0.25232;-0.95520
-4.57764;4.82178;-0.30518
0.22803;0.22986;-0.95129
2.56348;4.33350;3.05176
0.21863;0.27869;-0.95068
0.67139;0.73242;0.00000
0.20862;0.23816;-0.94666
-0.48828;2.56348;-0.67139
0.22986;0.26135;-0.94348
0.42725;4.08936;1.52588
0.22644;0.22986;-0.95374
1.58691;2.44141;0.61035
0.23340;0.26172;-0.94788
2.44141;0.48828;-0.73242
0.22571;0.25574;-0.96069
-0.18311;-0.06104;-1.15967
0.22070;0.25977;-0.93030
-3.05176;0.42725;-1.83105
0.21167;0.23755;-0.93799
-5.49316;0.61035;-3.60107
0.24365;0.26367;-0.97766
-2.50244;1.58691;-4.21143
0.17517;0.22400;-0.88525
-9.82666;1.40381;-4.02832
0.26611;0.20544;-0.99292
-3.11279;2.38037;-4.02832
0.21509;0.20972;-0.90625
-6.71387;4.02832;4.76074
0.23340;0.22168;-0.94897
-3.66211;7.01904;8.30078
0.24536;0.18945;-0.95959
-1.83105;2.38037;-0.06104
0.25513;0.23743;-0.94031
-3.23486;1.03760;1.77002
0.23999;0.16101;-0.96448
-3.35693;-0.61035;-3.29590
0.23047;0.24353;-0.94226
-3.17383;-1.03760;-3.84521
0.25439;0.18933;-0.98328
-4.69971;-0.91553;-4.21143
0.20422;0.19446;-0.95630
-5.49316;2.38037;-2.31934
0.22803;0.22510;-0.94067
-0.79346;6.22559;3.29590
0.23828;0.15820;-0.97009
-1.64795;4.76074;-0.54932
0.26025;0.19702;-0.95508
1.46484;1.46484;-2.19727
0.22437;0.20117;-0.96375
-0.12207;-0.24414;-5.06592
0.25012;0.21997;-0.95276
2.38037;0.48828;-0.06104
0.19202;0.19885;-0.94604
0.18311;1.58691;-1.83105
0.23816;0.20923;-0.95654
0.30518;2.62451;1.40381
0.22778;0.20898;-0.95227
1.03760;2.25830;0.18311
0.25671;0.19910;-0.95862
1.40381;1.03760;0.18311
0.23181;0.19873;-0.96216
2.74658;-1.40381;-1.64795
0.24805;0.21106;-0.95349
3.35693;0.06104;1.34277
0.23364;0.21362;-0.95947
1.64795;0.42725;-0.67139
0.23352;0.22473;-0.94678
2.80762;-0.42725;-0.48828
0.23865;0.20007;-0.96106
2.31934;-0.97656;-1.46484
0.23572;0.23730;-0.95154
3.11279;-0.42725;-0.54932
0.22778;0.21570;-0.96069
1.40381;-0.91553;-1.34277
0.21851;0.21729;-0.94324
2.74658;-0.12207;0.54932
0.23633;0.23779;-0.96289
2.62451;0.24414;-0.61035
0.22607;0.23621;-0.95337
1.95312;1.46484;1.15967
0.22278;0.21912;-0.94409
2.74658;1.09863;1.40381
0.23523;0.23767;-0.95300
2.44141;0.48828;-0.12207
0.22876;0.24536;-0.94946
1.46484;1.22070;0.91553
0.22461;0.22192;-0.95068
0.79346;1.46484;0.73242
