0.15918;0.18970;-0.97253
-0.67139;-0.12207;0.79346
0.15381;0.18494;-0.97620
-0.24414;-0.36621;1.03760
0.15137;0.19849;-0.97363
-0.42725;0.79346;2.13623
0.15063;0.18982;-0.97021
-1.34277;0.48828;0.79346
0.16614;0.18677;-0.98657
-0.61035;-0.24414;1.09863
0.16675;0.17456;-0.97742
-0.18311;-1.58691;0.67139
0.14368;0.18579;-0.97168
-0.36621;-1.46484;0.61035
0.15479;0.18298;-0.98132
1.03760;-2.86865;0.06104
0.15723;0.19666;-0.98218
1.83105;-1.64795;1.64795
0.14014;0.19312;-0.99829
4.45557;-1.15967;1.83105
0.20801;0.24084;-1.01562
6.28662;-4.33350;7.87354
0.19226;0.27258;-1.04785
6.22559;-9.52148;10.19287
0.21497;0.21851;-1.04822
1.95312;-11.65771;7.81250
0.16846;0.16833;-1.02637
-0.24414;-13.06152;5.85938
0.22656;0.17212;-1.01465
-4.21143;-6.46973;14.89258
0.05164;0.17554;-0.89380
-8.66699;-10.19287;6.83594
-0.04834;0.14502;-0.86768
-8.36182;-9.94873;-1.52588
-0.03015;0.09473;-0.95825
-3.47900;-9.27734;-5.61523
0.07874;0.17810;-0.99207
0.18311;-5.92041;-1.34277
0.11133;0.21509;-1.00696
0.91553;-6.16455;0.00000
0.01855;0.15735;-0.97473
-1.46484;-6.40869;-1.46484
0.00159;0.19214;-0.96130
0.30518;-3.90625;3.23486
0.01672;0.16870;-0.96765
0.36621;-0.42725;2.74658
0.01233;0.12671;-0.99634
0.91553;-0.67139;-0.73242
0.06152;0.19092;-1.00122
2.50244;-0.30518;-0.54932
0.04590;0.18970;-0.97961
0.54932;0.30518;-2.80762
0.04248;0.15002;-1.00305
1.46484;0.18311;-1.52588
0.03955;0.18958;-0.98340
0.97656;0.00000;-2.13623
0.04688;0.19055;-0.99048
0.73242;-0.12207;-0.30518
0.01550;0.16699;-1.00244
0.48828;0.79346;-1.89209
-0.01819;0.17041;-0.96045
0.67139;2.50244;-1.09863
-0.18079;0.12280;-0.87891
-0.97656;8.11768;-2.62451
-0.18066;0.16016;-0.80176
-0.73242;17.94434;-4.15039
0.03186;0.20374;-0.83777
3.23486;25.57373;4.39453
0.36816;0.09155;-0.69666
0.42725;21.66748;-16.66260
0.32507;0.13013;-1.29065
6.34766;13.54980;14.03809
0.54932;0.85718;-1.34607
-1.52588;7.62939;-7.62939
0.11401;0.06763;-1.05615
-5.06592;8.60596;-6.83594
0.07288;0.17297;-0.91394
0.85449;6.04248;3.78418
0.09436;0.07104;-0.95508
0.61035;8.48389;3.23486
0.21118;0.26611;-1.00391
1.89209;6.95801;1.15967
0.23096;0.16455;-1.05762
0.54932;2.01416;-1.70898
0.20813;0.21204;-1.06873
5.98145;-6.34766;6.83594
0.16833;0.23364;-1.01111
4.39453;-8.11768;8.66699
0.11133;0.16699;-0.95923
2.13623;-6.10352;7.20215
0.09692;0.14880;-0.94800
1.89209;-3.84521;4.94385
0.11926;0.19263;-0.97595
1.09863;-5.12695;2.62451
0.15076;0.20203;-0.98328
-1.28174;-4.33350;-0.12207
0.09741;0.16968;-0.96875
-1.40381;-4.57764;2.38037
0.08472;0.17004;-0.94824
-0.97656;-5.00488;1.34277
0.11194;0.16406;-0.98230
0.30518;-3.72314;4.08936
0.08423;0.19714;-0.95361
-0.61035;-4.15039;2.68555
0.09839;0.17358;-0.98889
0.30518;-4.82178;2.25830
0.09460;0.18750;-0.97571
-0.00000;-5.79834;2.44141
0.03369;0.14014;-0.96985
-0.61035;-5.73730;-1.46484
0.04639;0.19922;-0.96118
0.91553;-5.18799;-1.03760
0.02576;0.15430;-0.97046
0.73242;-3.90625;-5.37109
0.03320;0.19312;-0.97119
1.03760;-2.62451;-3.84521
0.00061;0.22058;-0.93188
-0.24414;-0.61035;-3.41797
-0.04443;0.12903;-0.95996
-0.73242;6.28662;-1.15967
-0.26135;0.16772;-0.71155
-3.66211;16.29639;-2.13623
-0.04126;-0.00403;-0.85974
9.03320;34.05762;-14.09912
0.21326;0.23291;-0.93628
8.78906;14.16016;11.53564
0.29773;-0.36072;-1.20129
-1.64795;25.20752;-39.67285
0.29504;0.93433;-0.95203
4.69971;11.04736;-14.34326
-0.01770;-0.02515;-1.02795
-12.02393;4.45557;-14.89258
0.04126;-0.02173;-0.88843
2.01416;6.89697;14.77051
0.15063;0.23474;-0.94324
4.02832;5.18799;12.87842
0.22070;0.26733;-1.05078
3.41797;2.62451;9.27734
0.21069;0.20740;-1.05212
1.95312;-2.99072;1.40381
0.22314;0.19104;-0.99976
-0.24414;-5.92041;-0.30518
0.11511;0.18384;-0.95251
0.91553;-4.69971;3.78418
0.10681;0.17688;-0.96619
1.95312;-4.76074;4.02832
0.11975;0.18066;-0.97095
-1.34277;-4.27246;0.00000
0.16626;0.17590;-1.00220
0.73242;-3.72314;6.28662
0.16650;0.18591;-1.00476
0.06104;-4.02832;3.35693
0.12280;0.20447;-0.98792
-0.30518;-4.94385;5.79834
0.09827;0.17212;-0.97546
-0.54932;-5.49316;4.45557
0.08752;0.17432;-0.96155
-1.22070;-7.44629;-0.24414
0.08362;0.15088;-0.97620
-2.07520;-7.62939;-0.48828
0.08020;0.18848;-0.99500
-3.78418;-11.23047;-0.97656
0.04871;0.21423;-0.94043
-0.97656;-7.01904;0.79346
0.03918;0.15234;-0.95776
-0.85449;-7.14111;-2.13623
0.00110;0.18127;-0.94702
0.73242;-4.88281;1.15967
-0.00122;0.16553;-0.95605
0.73242;-2.56348;-1.52588
0.03088;0.18420;-0.97351
0.85449;-1.15967;-0.79346
-0.00012;0.14185;-0.97168
1.03760;1.46484;-2.01416
-0.01770;0.19031;-0.94421
0.79346;4.45557;2.01416
-0.23376;0.11218;-0.81165
-4.15039;14.83154;-0.91553
-0.13977;0.14270;-0.79041
3.17383;22.88818;3.17383
0.14502;0.32629;-0.71619
-3.29590;36.62109;-16.72363
0.24426;-0.11951;-1.15002
-1.95312;24.65820;-14.89258
0.72656;0.74463;-1.99341
6.10352;18.18848;2.62451
0.35583;0.36499;-0.92285
-16.90674;5.92041;5.43213
0.03650;0.00171;-0.97266
-0.85449;-3.23486;-13.91602
0.09790;0.07642;-0.94507
7.08008;3.66211;9.52148
0.25256;0.29333;-1.01868
5.00488;-1.46484;5.73730
0.28442;0.27026;-1.12122
1.34277;-8.97217;-4.88281
0.19580;0.17883;-1.06519
4.33350;-13.06152;2.50244
0.13599;0.26050;-0.96362
-0.36621;-9.52148;9.88770
0.04468;0.11438;-0.89124
-2.92969;-3.84521;4.63867
0.03076;0.11292;-0.92004
-1.09863;-3.54004;3.47900
0.13477;0.18323;-0.98804
-0.61035;-3.66211;5.18799
0.19128;0.20190;-1.04358
-1.09863;-6.22559;0.79346
0.19299;0.17261;-1.04138
-3.66211;-10.86426;1.83105
0.06592;0.12561;-0.99548
-5.73730;-20.56885;0.12207
-0.01111;0.13879;-0.95752
-2.99072;-26.24512;-3.60107
-0.09143;0.20081;-0.86450
-0.48828;-20.32471;-6.95801
-0.12317;0.22156;-0.88525
0.79346;-9.21631;-1.58691
-0.09290;0.16626;-0.93018
0.91553;2.07520;-1.28174
0.02112;0.20276;-0.99207
1.77002;7.14111;-2.07520
0.03113;0.15613;-1.00732
-0.73242;4.39453;0.48828
0.00488;0.23401;-0.95837
0.91553;4.21143;1.46484
-0.07007;0.12683;-0.96021
0.73242;9.33838;-3.41797
-0.02576;0.16956;-0.93689
-0.12207;15.50293;7.81250
-0.24365;0.03979;-0.80542
-4.57764;21.91162;-4.27246
0.11353;0.21692;-1.00232
1.70898;21.78955;18.85986
-0.02661;0.31091;-0.78723
-3.47900;25.93994;-10.80322
0.17773;0.18201;-1.00330
-1.34277;4.33350;15.99121
0.02563;0.28369;-0.67432
-0.54932;18.85986;-18.73779
0.49451;-0.24829;-1.39233
-4.94385;9.82666;2.38037
0.27747;0.40881;-1.25916
-4.76074;10.49805;-13.97705
0.25623;0.11523;-1.09216
2.99072;-5.12695;-6.59180
0.15588;0.17432;-1.03467
8.91113;-7.81250;1.70898
0.07068;0.13586;-0.96472
4.02832;-2.07520;7.50732
0.15466;0.20703;-0.92358
0.91553;-3.29590;9.70459
0.14148;0.13464;-0.98181
-0.73242;-4.82178;-1.77002
0.12598;0.15649;-0.96619
0.79346;-4.63867;7.20215
0.15881;0.17334;-0.99304
-0.12207;-4.88281;4.45557
0.16052;0.14490;-0.99463
-0.79346;-6.46973;4.08936
0.10779;0.11890;-0.99585
0.06104;-6.53076;5.18799
0.07947;0.16663;-0.95068
-0.00000;-10.31494;4.08936
0.04456;0.14966;-0.95752
-1.22070;-13.00049;-4.27246
0.02148;0.16516;-0.94397
-0.18311;-9.58252;-3.54004
0.06018;0.16821;-0.98413
0.73242;-5.85938;3.11279
0.04932;0.13745;-0.99121
-1.52588;-6.65283;-0.61035
0.01770;0.16089;-0.97351
0.73242;-5.92041;-1.58691
-0.03052;0.09851;-0.96899
1.52588;-3.29590;-2.62451
-0.00549;0.18201;-0.96619
0.79346;-0.79346;-2.68555
-0.06714;0.13184;-0.94165
0.42725;6.53076;-3.11279
-0.06519;0.16431;-0.93335
0.30518;10.55908;-0.61035
0.07825;0.20679;-0.99719
-0.54932;13.24463;7.08008
-0.07202;0.16565;-0.80884
-0.67139;18.37158;-11.65771
0.11804;0.15112;-0.93152
3.35693;18.79883;8.72803
-0.23438;0.18140;-0.70557
-0.85449;26.30615;-14.46533
0.30640;0.24341;-1.08984
-2.62451;8.30078;12.81738
0.14038;0.37341;-0.80286
-1.83105;20.38574;-25.75684
0.59875;0.73438;-1.58887
10.68115;1.09863;11.16943
0.26562;0.27917;-1.06628
-17.15088;2.38037;-1.95312
0.19177;-0.02319;-1.01514
3.54004;-1.89209;-5.12695
0.15186;0.19336;-0.97034
7.01904;-4.21143;4.51660
0.18494;0.20581;-1.01685
4.57764;-4.33350;7.08008
0.20422;0.21692;-1.01636
1.28174;-4.15039;0.42725
0.17322;0.16589;-1.01831
-0.12207;-3.29590;2.31934
0.18042;0.14038;-0.99744
-2.19727;-5.43213;3.66211
0.17017;0.11316;-0.99548
-2.62451;-9.58252;4.27246
0.12695;0.17139;-0.94617
-1.52588;-12.20703;5.49316
0.07043;0.15613;-0.96814
-4.63867;-16.72363;4.94385
0.04114;0.19775;-0.93677
-3.47900;-20.38574;3.90625
-0.02686;0.12659;-0.93054
-3.11279;-13.91602;-3.11279
-0.04309;0.12964;-0.95923
-1.46484;-10.74219;-6.77490
0.01990;0.25806;-0.93066
3.11279;-2.13623;-1.15967
-0.02087;0.09717;-0.99182
-0.73242;0.91553;-3.72314
0.04248;0.14087;-1.01050
0.67139;2.62451;1.03760
0.08618;0.18481;-1.00598
0.42725;1.09863;-1.22070
0.00525;0.12134;-0.99792
-0.24414;-0.91553;-3.05176
-0.02051;0.15015;-0.96094
1.95312;3.47900;0.18311
0.03088;0.19983;-0.97290
0.67139;5.61523;1.95312
-0.11182;0.13354;-0.89661
-1.09863;12.08496;-2.44141
-0.20337;0.10754;-0.82556
-0.30518;21.78955;7.38525
0.03320;0.21851;-0.82520
1.28174;33.26416;9.94873
0.35315;-0.10266;-1.06409
-0.67139;38.33008;13.85498
0.26477;0.31140;-0.88379
1.03760;26.18408;12.45117
0.24304;-0.38403;-1.00562
-3.90625;11.77979;-26.30615
0.31726;0.80591;-1.13843
27.89307;14.09912;1.52588
0.20935;0.15039;-1.02734
-27.64893;-5.67627;-15.07568
0.13159;-0.05286;-0.99402
4.45557;-2.44141;-6.10352
0.19678;0.25208;-0.98962
10.68115;1.22070;6.83594
0.24402;0.23657;-1.02527
2.62451;-3.17383;-1.70898
0.19470;0.14697;-1.05200
2.38037;-4.76074;-4.15039
0.21143;0.18604;-1.02539
3.29590;-7.50732;1.52588
0.20020;0.19849;-1.00012
0.48828;-9.52148;-3.47900
0.14746;0.17456;-0.97546
-1.52588;-6.53076;7.75146
0.11938;0.09485;-0.96277
-2.86865;-8.66699;4.15039
0.12598;0.15479;-0.94849
0.48828;-13.18359;4.94385
0.09290;0.17065;-0.95862
-1.15967;-15.31982;5.79834
0.01172;0.14771;-0.91040
-0.79346;-15.62500;4.21143
-0.07983;0.18579;-0.88684
-1.09863;-10.07080;-1.52588
-0.03882;0.11267;-0.94604
-1.70898;-0.42725;0.30518
0.10083;0.13696;-1.01074
0.67139;2.74658;4.57764
0.07312;0.11780;-1.00134
-0.36621;2.44141;0.06104
0.12866;0.20776;-0.99805
1.34277;-0.54932;2.56348
0.03931;0.14832;-0.98010
-0.06104;-2.44141;-5.61523
0.01721;0.11780;-0.99097
2.19727;0.18311;-2.99072
0.09216;0.19727;-0.98669
0.79346;1.15967;0.12207
0.07239;0.13879;-1.01245
0.06104;1.28174;-3.54004
0.00403;0.12756;-0.96667
0.06104;1.95312;-1.15967
0.00525;0.18933;-0.93604
0.48828;6.04248;1.64795
-0.31555;0.06970;-0.73108
-4.82178;16.29639;-5.55420
-0.04688;0.08057;-0.82556
0.67139;29.35791;7.93457
0.25098;0.14282;-0.93921
7.56836;45.89844;13.67188
0.45471;0.30798;-1.10437
-1.77002;11.90186;-7.32422
0.26221;0.03699;-1.12634
-3.90625;6.22559;-22.09473
0.26746;0.17517;-1.17822
-2.99072;7.08008;7.01904
0.23291;0.28650;-0.97205
-4.21143;5.92041;3.90625
0.17078;-0.00134;-1.00183
-1.89209;-0.85449;-2.86865
0.17102;0.15649;-0.99768
8.91113;2.13623;4.82178
0.20129;0.18323;-0.99170
2.62451;-1.40381;-0.61035
0.14880;0.17273;-1.01135
1.52588;-2.07520;-3.35693
0.16003;0.18384;-0.96948
1.58691;0.18311;2.86865
0.20508;0.14465;-1.03455
0.73242;-3.84521;-2.31934
0.26660;0.17297;-1.06274
2.38037;-7.62939;-0.30518
0.27124;0.17322;-1.08801
1.52588;-7.50732;-2.38037
0.24280;0.18469;-1.04871
-0.36621;-11.29150;1.70898
0.11230;0.17847;-0.94702
-3.78418;-11.53564;9.21631
0.00659;0.16077;-0.87329
-6.40869;-18.49365;8.48389
-0.06519;0.11609;-0.85571
-2.31934;-18.00537;0.97656
-0.07642;0.09094;-0.94189
0.24414;-10.19287;-0.30518
0.00916;0.16809;-0.95813
0.48828;-0.67139;-4.45557
0.09375;0.18616;-0.99756
-0.79346;0.91553;1.34277
0.06299;0.09741;-1.02307
0.67139;1.28174;0.79346
0.07422;0.16931;-0.98877
1.64795;0.54932;-0.79346
0.02454;0.13342;-0.97583
-0.06104;1.46484;-3.23486
0.02869;0.13611;-0.99341
0.91553;2.80762;-0.97656
0.09888;0.17273;-0.99292
1.46484;4.76074;2.99072
0.04834;0.13733;-0.97815
-0.12207;3.47900;-0.42725
-0.08374;0.15674;-0.89795
-2.44141;7.01904;-4.51660
0.05811;0.15540;-0.94727
1.40381;17.70020;-5.12695
-0.07141;0.16467;-0.73462
-4.94385;21.85059;-12.39014
0.31165;-0.02771;-1.12354
7.93457;19.34814;9.94873
0.27258;0.37061;-0.88354
-0.36621;11.77979;4.45557
0.17004;-0.12146;-1.09595
-2.74658;14.34326;-29.54102
0.70203;0.71704;-1.52808
4.08936;8.54492;10.55908
0.20251;0.29248;-0.96350
-11.47461;5.61523;-1.28174
0.10962;-0.05652;-0.97192
1.52588;-1.03760;-5.31006
0.13696;0.23889;-0.97485
6.28662;7.14111;5.92041
0.19629;0.16125;-0.97375
-1.22070;4.51660;1.46484
0.20264;0.13660;-1.00952
1.77002;-2.44141;-2.50244
0.17432;0.18286;-0.99121
3.05176;-0.67139;1.22070
0.18005;0.17065;-0.99451
2.38037;-3.11279;-2.07520
0.20447;0.16956;-1.02661
2.44141;-4.69971;-0.54932
0.19336;0.23145;-0.99084
3.35693;-7.56836;3.11279
0.16052;0.17126;-1.01208
2.25830;-7.01904;4.69971
0.17456;0.15808;-1.01843
-1.22070;-7.20215;0.85449
0.22485;0.21899;-1.03687
-1.09863;-8.11768;6.10352
0.16492;0.12158;-0.98450
-5.43213;-14.58740;1.83105
0.00378;0.09058;-0.90674
-0.12207;-16.54053;12.32910
-0.10828;0.14734;-0.84436
2.01416;-18.73779;2.31934
-0.08118;0.17615;-0.91211
0.36621;-7.26318;-4.88281
0.01648;0.16357;-0.97168
-0.00000;3.54004;2.01416
0.07532;0.08044;-1.02185
-0.00000;1.58691;0.30518
0.09338;0.20935;-0.99341
2.13623;-1.34277;-0.67139
0.02148;0.14661;-0.97583
-0.18311;-1.34277;-0.67139
-0.02136;0.11292;-0.98267
0.42725;1.83105;-4.82178
0.06750;0.19617;-0.96472
2.19727;5.85938;3.41797
0.07129;0.13062;-1.00537
-0.18311;5.12695;-3.60107
0.05847;0.20044;-0.95679
-0.36621;4.33350;-1.89209
0.06152;0.13525;-0.99365
-0.91553;6.22559;-0.67139
-0.03113;0.10437;-0.93311
1.03760;7.81250;3.96729
0.06445;0.18567;-0.94739
0.91553;8.36182;0.85449
-0.06079;0.15698;-0.87500
-1.58691;12.26807;-2.56348
0.13708;0.10681;-0.86536
1.89209;17.76123;2.92969
0.15002;0.14465;-0.94348
3.90625;17.21191;1.52588
0.12927;0.08838;-0.80908
-4.33350;17.76123;-11.90186
0.50415;0.19800;-1.56567
2.50244;3.05176;17.63916
0.28174;0.41016;-0.87402
-11.16943;9.88770;1.89209
0.13293;-0.02515;-0.97070
-2.80762;-5.49316;-17.33398
0.04236;0.08997;-0.96509
8.23975;4.02832;5.12695
0.22144;0.30359;-0.96533
3.29590;9.03320;6.53076
0.19995;0.14453;-1.00049
-1.22070;-0.48828;-0.85449
0.19434;0.16431;-1.02588
2.80762;-2.07520;-2.19727
0.21851;0.18372;-1.01514
0.12207;-4.08936;-1.89209
0.14319;0.17578;-1.00867
2.68555;-5.24902;0.73242
0.18945;0.17065;-1.00037
4.94385;-5.49316;10.19287
0.18213;0.21594;-1.00671
2.50244;-7.62939;4.57764
0.21606;0.19592;-1.02185
0.85449;-7.69043;0.79346
0.18323;0.15942;-1.01758
-2.44141;-7.08008;6.40869
0.23242;0.13110;-1.02661
-2.50244;-12.81738;15.07568
-0.00635;0.22852;-0.77783
-5.18799;-26.18408;7.38525
-0.17297;0.15613;-0.82996
-1.95312;-20.08057;-11.35254
-0.13586;0.14075;-0.90295
0.61035;-4.02832;-0.12207
0.02966;0.16211;-0.97913
-1.03760;7.32422;-3.47900
0.17871;0.17114;-1.05225
-2.56348;1.22070;4.21143
0.11096;0.13928;-1.01929
-3.35693;-4.94385;-3.47900
0.01978;0.15417;-0.98035
0.06104;-6.71387;-0.54932
-0.01355;0.16064;-0.95557
-0.18311;-3.54004;-0.79346
-0.09143;0.13232;-0.92896
-0.24414;2.80762;-3.35693
-0.00952;0.14258;-0.97363
0.91553;8.78906;3.17383
0.00671;0.17273;-0.94031
-0.61035;12.26807;-2.13623
-0.03137;0.14099;-0.92188
0.73242;15.86914;4.02832
-0.00525;-0.00427;-0.93384
-0.73242;18.73779;-5.92041
0.12036;0.19189;-0.88892
1.28174;24.10889;2.19727
0.19763;-0.03125;-1.01526
2.31934;15.99121;-4.08936
0.16223;0.23267;-0.99988
3.72314;9.76562;-3.29590
0.28442;0.19043;-1.02844
-1.22070;10.25391;-0.24414
0.39404;0.34351;-1.25818
-3.47900;3.66211;1.03760
0.20581;0.20081;-0.96497
-3.54004;4.88281;-0.12207
0.14014;0.06555;-0.97449
1.15967;0.54932;-3.17383
0.16125;0.17188;-0.96436
7.14111;5.24902;4.57764
0.19397;0.18774;-0.98083
0.79346;1.70898;-0.48828
0.19653;0.14453;-1.00208
1.34277;-1.03760;-2.80762
0.16565;0.16589;-1.00244
2.38037;-1.52588;-3.41797
0.22534;0.22559;-1.00146
2.31934;-2.80762;-2.99072
0.15686;0.18994;-1.03259
1.03760;-5.43213;-7.93457
0.19153;0.18347;-1.00977
1.89209;-7.44629;-3.17383
0.23999;0.20178;-1.03687
-1.03760;-9.15527;-10.55908
0.25244;0.14563;-1.06604
-5.73730;-10.37598;-5.55420
0.18665;0.17969;-0.98010
-5.18799;-13.24463;4.15039
-0.05798;0.10339;-0.88147
-2.86865;-19.59229;6.95801
-0.04321;0.12061;-0.87878
0.73242;-21.42334;8.17871
0.00122;0.18567;-0.94031
0.24414;-15.62500;4.21143
-0.05444;0.07031;-0.96680
-3.66211;-11.71875;-7.87354
-0.01196;0.24585;-0.92554
0.85449;-5.12695;0.18311
-0.02466;0.14661;-0.96887
-0.54932;15.13672;-2.56348
0.01636;0.12109;-1.00696
-0.30518;3.96729;1.58691
0.10364;0.20093;-1.00049
0.30518;4.39453;3.41797
0.04053;0.13916;-1.00391
0.30518;1.89209;-1.09863
-0.00122;0.12927;-0.98352
0.61035;1.46484;-1.95312
0.03577;0.16736;-0.98401
1.34277;5.31006;-1.95312
-0.01868;0.14624;-0.95105
0.24414;7.01904;-1.52588
-0.03979;0.17175;-0.92932
-1.15967;9.39941;1.22070
-0.16467;0.04248;-0.85522
-0.54932;14.89258;-3.72314
0.01831;0.14368;-0.91260
2.07520;25.45166;-2.38037
0.28992;0.27161;-1.02478
5.31006;28.62549;25.08545
0.09216;-0.09363;-0.94055
3.05176;12.87842;-22.58301
0.10229;0.26111;-1.02625
11.23047;-2.56348;-8.91113
0.17078;0.20715;-0.95093
1.89209;5.24902;-7.81250
0.28674;0.59106;-1.16345
-1.52588;6.46973;0.61035
0.14685;0.13574;-1.00342
-9.52148;5.00488;-3.66211
0.09912;0.12378;-0.96094
1.52588;1.70898;0.00000
0.15491;0.19067;-0.99146
1.83105;2.68555;0.36621
0.17065;0.16992;-0.99231
-0.06104;0.91553;-2.19727
0.16980;0.16040;-1.00623
-1.28174;-1.03760;-4.94385
0.11963;0.20105;-1.00818
-0.06104;-0.48828;-3.72314
0.22156;0.20703;-1.03040
-0.67139;-3.96729;-5.00488
0.22327;0.17322;-1.07507
2.50244;-10.00977;-14.09912
0.22144;0.14600;-1.08423
5.37109;-9.82666;-9.09424
0.16211;0.17114;-1.02307
0.30518;-7.44629;8.60596
0.08667;0.11169;-0.95471
-9.21631;-13.24463;8.60596
0.05212;0.14917;-0.87109
-6.10352;-17.39502;10.86426
-0.09119;0.11633;-0.87573
-2.86865;-12.63428;5.73730
-0.01550;0.22180;-0.90076
-2.38037;-9.82666;8.97217
-0.09485;0.07495;-0.91504
-0.54932;-1.70898;-7.56836
-0.01025;0.08276;-1.01990
1.03760;2.56348;2.19727
0.14478;0.28027;-0.99866
0.18311;3.60107;5.31006
0.05176;0.10962;-1.01038
-1.95312;-0.24414;-1.09863
0.02429;0.13464;-0.99060
2.19727;1.34277;1.52588
0.05896;0.17078;-0.98059
1.34277;1.95312;1.22070
0.05786;0.15625;-0.99902
-0.06104;1.34277;-0.79346
0.01868;0.11475;-0.97974
0.06104;3.41797;0.79346
0.00098;0.16553;-0.95618
0.18311;4.51660;-1.22070
-0.15881;0.14185;-0.82654
-2.50244;11.71875;-2.01416
-0.30530;-0.08362;-0.74841
-2.56348;20.14160;-24.96338
0.35510;0.17615;-1.01001
10.62012;19.22607;10.49805
0.39355;0.29504;-1.07727
2.92969;11.84082;4.76074
0.25244;0.21045;-1.04150
-4.76074;5.92041;-14.16016
0.08435;0.00330;-1.05542
-3.72314;8.85010;-15.93018
0.19507;0.14514;-1.03357
0.54932;12.26807;12.08496
0.24255;0.28857;-1.08228
-0.18311;7.14111;2.07520
0.14978;0.12878;-0.98987
-1.58691;3.17383;0.18311
0.13806;0.13086;-0.97668
2.19727;1.22070;0.85449
0.16772;0.16711;-0.99438
2.19727;0.00000;0.24414
0.16406;0.14160;-0.99670
1.22070;-0.67139;-1.22070
0.15515;0.17542;-1.00940
0.85449;-0.67139;-1.40381
0.20740;0.18445;-1.02917
0.54932;-2.56348;-0.85449
0.16077;0.16870;-1.04810
2.80762;-7.87354;-4.69971
0.25525;0.15637;-1.12268
3.78418;-7.44629;2.56348
0.29907;0.24695;-1.09448
0.61035;-10.37598;10.92529
0.16113;0.13452;-0.94080
-11.04736;-17.02881;0.79346
-0.14172;0.04419;-0.86938
-5.18799;-19.28711;4.39453
-0.21716;0.08752;-0.79956
2.44141;-15.93018;5.55420
-0.04675;0.17310;-0.91296
3.17383;-3.60107;6.46973
0.03870;0.12183;-0.99219
-2.19727;0.79346;-3.84521
0.07568;0.17542;-0.99561
0.97656;3.90625;4.39453
0.11340;0.18665;-1.01526
0.54932;-1.64795;0.85449
0.04614;0.18201;-0.99109
0.97656;-2.56348;0.91553
-0.00403;0.09766;-0.98486
0.42725;-1.70898;-1.52588
0.02246;0.13770;-0.97766
1.28174;1.52588;0.67139
0.06592;0.16113;-0.98865
0.61035;2.31934;-1.34277
0.00537;0.13928;-0.99866
0.06104;3.23486;-3.41797
0.01648;0.15674;-0.96936
0.48828;6.16455;1.58691
-0.13623;0.14917;-0.82886
-1.15967;11.04736;-4.69971
-0.00879;0.15491;-0.91101
1.03760;17.88330;-13.48877
0.05420;0.08972;-0.93457
2.01416;14.16016;2.68555
0.02148;0.13806;-0.93762
-0.61035;19.47021;-6.22559
0.31665;0.20691;-1.00085
2.19727;12.51221;6.34766
-0.02051;0.04272;-0.86597
-4.94385;16.72363;-22.03369
0.35083;0.36047;-1.29285
5.92041;12.02393;22.46094
0.24194;0.32751;-1.02014
-10.62012;2.38037;-6.59180
0.11816;-0.02930;-0.97131
3.29590;1.70898;-4.82178
0.12427;0.19861;-0.95654
5.67627;5.67627;4.21143
0.21643;0.19312;-1.00500
0.91553;4.21143;1.52588
0.17468;0.20801;-1.00464
0.73242;-4.15039;-6.04248
0.21936;0.17896;-1.02026
2.31934;-2.99072;-10.98633
0.17590;0.19751;-1.01331
3.78418;-5.37109;-9.94873
0.16199;0.14221;-1.04065
3.47900;-6.65283;-4.15039
0.18628;0.20691;-0.99500
1.83105;-4.94385;-2.80762
0.15320;0.20337;-1.00049
-0.24414;-5.24902;-7.08008
0.13184;0.10461;-1.00037
-5.12695;-5.55420;-2.86865
0.15344;0.13892;-0.99976
-2.13623;-10.98633;5.67627
0.12122;0.15002;-0.97595
-1.09863;-12.39014;12.51221
0.04590;0.16455;-0.92261
-2.25830;-14.22119;14.77051
-0.02100;0.15320;-0.93384
-0.91553;-14.03809;2.44141
-0.04578;0.16553;-0.91565
0.24414;-8.30078;-13.85498
-0.00757;0.16223;-0.95972
-0.24414;-2.68555;-1.46484
0.01147;0.13379;-0.99170
-0.00000;0.97656;-2.01416
0.06995;0.17639;-1.00623
0.30518;1.09863;1.03760
0.09155;0.18762;-1.01514
-0.30518;-1.28174;-0.91553
0.00000;0.12854;-0.99377
-0.06104;-1.70898;-1.83105
0.00793;0.13171;-0.97803
-0.36621;-0.42725;-2.86865
0.04199;0.19373;-0.98181
0.42725;2.80762;1.22070
0.00439;0.11536;-0.98669
-1.15967;4.33350;-1.77002
-0.17834;0.11572;-0.87756
-1.09863;11.53564;4.94385
-0.07483;0.12817;-0.86145
-3.47900;19.65332;5.00488
-0.15601;0.24561;-0.68677
-15.93018;22.46094;-33.93555
0.16663;0.17651;-1.11658
2.13623;25.57373;1.40381
0.45044;0.03491;-1.12183
-3.23486;19.34814;3.96729
0.30237;-0.21265;-1.19324
-2.19727;9.64355;-23.62061
0.32629;0.50598;-1.13806
8.97217;12.87842;20.44678
0.19043;0.09607;-1.00647
-6.46973;0.67139;-5.24902
0.06580;0.01489;-0.94946
2.25830;2.44141;-1.03760
0.16211;0.15381;-0.99146
4.33350;6.71387;8.11768
0.21484;0.18701;-1.00024
2.62451;1.09863;2.86865
0.15857;0.13757;-1.01245
1.77002;-2.80762;-3.41797
0.20154;0.16357;-1.01001
3.05176;-3.11279;-0.97656
0.18896;0.16797;-1.02051
1.22070;-3.66211;-1.95312
0.19336;0.12708;-1.01697
-0.36621;-2.01416;-3.29590
0.20288;0.18567;-1.02783
1.28174;-3.60107;0.18311
0.23401;0.17468;-1.03516
-0.06104;-1.46484;6.28662
0.21570;0.11011;-1.05920
-0.42725;-5.55420;9.88770
0.23901;0.15039;-0.93555
-1.15967;-13.73291;16.11328
0.00220;0.17627;-0.84692
-0.91553;-20.14160;10.37598
-0.10388;0.14392;-0.86475
-0.61035;-16.96777;4.33350
-0.06763;0.09253;-0.91699
1.40381;-3.29590;3.66211
-0.00452;0.08057;-0.97900
0.18311;2.31934;-2.13623
0.10327;0.15308;-1.00537
-0.48828;5.06592;2.19727
0.15735;0.16162;-1.02002
-0.18311;0.24414;1.70898
0.07605;0.14575;-0.99512
-0.48828;-1.15967;-0.12207
-0.01416;0.08179;-0.97021
-0.30518;-2.07520;-2.56348
0.05615;0.19592;-0.99963
2.01416;3.72314;0.42725
0.04785;0.12646;-0.98120
-0.79346;5.06592;-1.22070
-0.00500;0.16431;-0.94641
0.36621;6.71387;-2.99072
-0.06494;0.08105;-0.92029
-1.70898;10.92529;-0.54932
-0.07397;0.23792;-0.82959
2.31934;20.01953;3.41797
0.10291;0.04175;-0.98254
-2.25830;20.44678;3.17383
0.15967;0.13904;-0.96631
2.38037;14.77051;7.14111
0.36462;0.07300;-1.02747
-2.07520;7.62939;-6.59180
0.09363;-0.09033;-0.97913
-6.46973;7.99561;-32.28760
0.31104;0.38647;-1.12219
9.46045;6.22559;22.15576
0.25488;0.21362;-1.04688
-10.13184;-1.09863;-11.71875
0.16370;0.08203;-1.02319
-0.00000;1.09863;-2.13623
0.14185;0.14001;-0.96960
3.41797;2.56348;0.85449
0.16638;0.15137;-0.98853
3.17383;1.09863;1.40381
0.16223;0.16406;-0.97607
1.70898;0.30518;-0.61035
0.19019;0.16663;-1.01611
1.89209;0.18311;-0.85449
0.18713;0.17456;-1.00085
0.24414;-2.99072;-3.72314
0.16357;0.13074;-1.00085
1.34277;-3.47900;-4.08936
0.18237;0.17102;-1.02637
1.46484;-5.67627;-3.54004
0.26318;0.16211;-1.11194
2.38037;-5.00488;-1.22070
0.40479;0.21875;-1.16394
0.36621;-11.59668;3.35693
0.28870;0.28137;-1.03748
-5.37109;-15.68604;7.62939
-0.19080;0.04919;-0.66882
-7.69043;-29.66309;6.04248
-0.41223;0.07178;-0.75500
2.56348;-18.00537;-4.69971
-0.16089;0.14636;-0.85596
3.90625;8.48389;10.37598
0.13647;0.09668;-1.06689
-0.54932;11.53564;0.85449
0.26367;0.23767;-1.05115
-0.97656;4.21143;6.28662
0.13623;0.18530;-1.01147
-0.67139;-5.55420;-3.05176
-0.01843;0.11914;-0.97644
-0.00000;-6.28662;-2.07520
-0.00806;0.11316;-0.98645
1.95312;-2.07520;-1.52588
0.08508;0.16650;-0.99780
0.91553;-0.79346;-2.80762
0.05591;0.16260;-0.98804
0.91553;-1.64795;-0.67139
-0.01062;0.12244;-0.98621
1.22070;0.48828;-3.35693
0.00891;0.17224;-0.95789
0.48828;3.78418;1.34277
-0.00085;0.13196;-0.96997
-0.42725;6.65283;-1.28174
-0.09180;0.19067;-0.88037
-0.97656;10.19287;3.72314
-0.12952;0.00781;-0.84216
-3.54004;16.23535;-10.68115
-0.18115;0.15808;-0.92261
13.48877;21.17920;26.79443
0.26746;0.00342;-1.00562
-3.96729;31.31104;-1.89209
0.21936;0.08557;-1.11157
-2.99072;10.68115;13.24463
0.46521;0.37903;-1.05701
0.36621;6.28662;-0.18311
0.30054;0.08423;-1.18018
-7.14111;1.15967;-9.64355
0.18140;0.21289;-0.96777
-2.07520;4.57764;-1.28174
0.12476;0.05872;-0.98950
0.91553;4.08936;-1.34277
0.15308;0.17590;-0.97400
4.39453;3.78418;1.22070
0.16577;0.14771;-0.99243
2.50244;2.13623;-0.73242
0.17114;0.17712;-0.98145
2.56348;1.15967;-0.36621
0.17358;0.15015;-0.99512
1.89209;0.30518;-1.52588
0.20239;0.15271;-1.00330
1.09863;-0.61035;-3.05176
0.21277;0.19751;-1.04004
1.09863;-3.17383;-4.82178
0.24072;0.17725;-1.04907
0.61035;-6.71387;-8.11768
0.27332;0.18689;-1.13574
2.68555;-7.87354;-3.60107
0.33496;0.22620;-1.11023
-1.89209;-12.93945;5.12695
0.08728;0.14819;-0.89648
-9.09424;-19.53125;3.29590
-0.04004;0.10498;-0.84094
-4.27246;-23.62061;8.42285
-0.18311;0.13208;-0.80957
-1.15967;-22.88818;1.03760
-0.10645;0.11426;-0.93066
-0.42725;-7.26318;-0.42725
0.05261;0.18250;-0.99158
-1.28174;-1.64795;0.12207
0.04419;0.13440;-0.99023
-0.48828;3.29590;4.76074
0.02161;0.12073;-1.00049
-0.67139;1.89209;1.03760
0.06213;0.22729;-0.98584
0.24414;0.06104;1.95312
0.01733;0.13733;-0.99890
-0.24414;-1.52588;-3.41797
0.00525;0.13928;-0.98462
0.79346;-0.18311;-2.50244
0.01709;0.15637;-0.97998
0.24414;2.13623;-2.92969
0.00305;0.17749;-0.96497
0.12207;5.43213;-3.54004
-0.08252;0.12366;-0.93042
-0.36621;8.42285;-4.94385
0.10498;0.08862;-0.99536
3.17383;16.47949;-4.51660
-0.01294;0.27527;-0.85986
1.28174;19.10400;6.04248
-0.13086;-0.11267;-0.91028
1.28174;17.33398;-22.21680
0.17773;0.27344;-0.95288
6.77490;5.73730;13.24463
0.33826;0.19983;-1.03491
-2.86865;14.28223;-11.41357
0.25098;0.03149;-1.19446
-5.67627;10.19287;-5.18799
0.25439;0.34351;-1.09460
0.48828;16.54053;8.66699
0.13574;0.11255;-0.97302
-4.76074;5.31006;-1.64795
0.13062;0.14685;-0.99060
2.62451;5.06592;0.91553
0.16882;0.13831;-0.97925
2.80762;4.57764;1.34277
0.16016;0.19653;-1.00024
1.83105;1.09863;-0.85449
0.15552;0.16040;-1.00281
0.85449;-1.95312;-3.17383
0.15222;0.14868;-0.99597
0.30518;-1.03760;-1.52588
0.17114;0.18005;-0.99329
0.85449;-0.30518;-2.01416
0.14697;0.16589;-1.00732
-0.42725;-1.28174;-3.11279
0.19397;0.15088;-1.03723
-0.79346;-1.34277;-3.11279
0.24780;0.20801;-1.16028
2.92969;-7.99561;-1.58691
0.30835;0.21680;-1.16040
2.99072;-13.85498;10.55908
0.31030;0.24927;-1.00024
-0.24414;-13.97705;17.70020
0.00183;0.13611;-0.77844
-7.32422;-24.47510;16.54053
-0.22070;0.06042;-0.81152
-3.11279;-23.13232;0.85449
-0.17090;0.16174;-0.86511
0.91553;-3.47900;2.68555
0.06409;0.15833;-1.01172
-0.42725;2.01416;1.52588
0.10181;0.16370;-1.00610
-2.38037;0.79346;1.34277
0.04712;0.08850;-1.01978
-1.52588;-4.39453;-3.90625
0.03992;0.26514;-0.93018
0.97656;-1.83105;4.21143
-0.02173;0.04565;-1.01233
-1.89209;-2.74658;-7.69043
0.02551;0.20667;-0.96680
3.29590;2.01416;3.05176
0.05005;0.14294;-1.00049
0.67139;2.19727;-1.77002
0.00586;0.16760;-0.97815
0.73242;0.06104;-5.85938
-0.01367;0.13745;-0.97388
0.30518;3.72314;-3.60107
-0.24243;0.12354;-0.81042
1.09863;15.74707;-2.44141
-0.11047;0.13647;-0.82471
-0.00000;21.11816;-2.44141
0.15735;0.14478;-0.94507
8.60596;29.11377;4.27246
0.23108;0.26074;-0.94312
-5.98145;20.01953;-6.53076
0.28223;0.05713;-1.06409
-1.28174;9.76562;-7.75146
0.35913;0.06580;-1.12378
1.15967;7.01904;-2.74658
0.26306;0.27502;-1.13708
-0.00000;9.33838;5.37109
0.21497;0.28735;-0.99255
-3.05176;4.33350;-14.70947
0.11206;0.05908;-0.97119
-1.77002;2.99072;-1.64795
0.16370;0.16736;-0.97742
3.54004;4.39453;3.05176
0.17444;0.15808;-0.98389
-0.00000;2.50244;0.85449
0.17029;0.14343;-0.99255
1.95312;0.30518;-0.36621
0.16394;0.17236;-0.97644
1.95312;1.28174;0.73242
0.18005;0.15930;-0.99243
-0.18311;-0.06104;-1.40381
0.15613;0.14111;-0.99951
1.22070;-0.42725;-0.36621
0.21216;0.16699;-1.01685
1.40381;-1.46484;-5.06592
0.24939;0.18201;-1.08289
2.62451;-5.12695;-5.92041
0.32483;0.16772;-1.14636
1.77002;-7.38525;-2.50244
0.30627;0.19360;-1.09644
-0.48828;-9.94873;0.42725
0.29260;0.18945;-1.01550
-3.05176;-16.90674;10.80322
-0.06335;0.15784;-0.76477
-5.12695;-27.64893;3.66211
-0.25049;0.09326;-0.80750
-2.80762;-24.47510;-8.30078
-0.16907;0.14209;-0.85461
5.06592;-0.30518;8.17871
0.02380;0.13110;-0.97546
0.85449;7.69043;3.96729
0.10828;0.19104;-1.00000
-0.79346;6.65283;1.15967
0.16711;0.19287;-1.02466
-0.42725;3.35693;4.94385
0.04895;0.12146;-0.98584
-2.86865;-3.29590;-3.11279
0.02917;0.19019;-0.96399
0.06104;1.77002;3.90625
-0.00342;0.09167;-0.97388
-2.25830;2.62451;-0.18311
0.09509;0.20105;-0.98376
0.24414;4.45557;-0.30518
0.07324;0.11792;-0.99854
-2.25830;2.38037;-5.00488
-0.00195;0.13538;-0.94592
-1.83105;3.05176;-4.08936
-0.21094;0.09985;-0.82654
-2.62451;12.51221;0.30518
-0.27991;-0.08862;-0.69153
4.94385;25.93994;-18.37158
0.33765;0.27686;-1.04089
11.16943;25.39062;29.05273
0.35217;0.11121;-1.06873
-7.32422;9.88770;-7.69043
0.17236;0.20422;-1.05920
2.13623;7.14111;0.91553
0.16882;0.14783;-1.03638
-2.50244;7.81250;3.84521
0.36694;0.28210;-1.18469
-2.31934;8.66699;3.90625
0.20862;0.11877;-0.97729
-2.99072;4.02832;-3.35693
0.17542;0.11401;-1.00574
4.63867;-0.18311;-3.29590
0.16541;0.17981;-0.97388
5.12695;2.25830;-0.48828
0.18201;0.14795;-0.98279
3.96729;1.83105;-0.97656
0.18323;0.14417;-0.98950
4.33350;-0.61035;-0.97656
0.17188;0.15466;-0.97937
3.78418;-0.73242;-0.73242
0.24133;0.16199;-1.00598
2.50244;-1.89209;-1.52588
0.21375;0.20020;-1.03064
4.57764;-5.12695;-5.49316
0.25024;0.22351;-1.11975
5.73730;-10.13184;-1.22070
0.26648;0.26794;-1.15015
4.45557;-14.40430;-0.85449
0.33655;0.17615;-1.02820
-4.02832;-12.39014;1.83105
0.05469;0.16467;-0.81067
-5.98145;-20.93506;13.24463
-0.08777;0.16064;-0.82031
-5.55420;-24.65820;7.81250
-0.19910;0.07275;-0.88110
-1.22070;-13.97705;0.18311
-0.06372;0.07373;-0.94690
-1.22070;-2.25830;-0.24414
0.09033;0.21680;-0.97400
0.91553;4.27246;7.69043
0.11255;0.09937;-1.02478
-1.77002;0.00000;-1.03760
0.08154;0.19238;-1.00098
1.83105;-2.80762;-1.46484
0.04199;0.18591;-0.96387
0.61035;-2.38037;-4.02832
0.00281;0.12512;-0.97913
2.01416;0.30518;-3.78418
0.04163;0.15527;-0.98730
1.28174;2.13623;-1.95312
0.03577;0.14087;-0.98364
-0.24414;2.86865;-5.18799
0.05054;0.18164;-0.97668
0.06104;2.50244;-2.31934
0.04114;0.16675;-0.98889
0.12207;4.88281;-4.39453
-0.17664;0.08984;-0.86267
-3.29590;9.15527;-5.98145
-0.05286;0.01086;-0.91394
-0.73242;23.62061;2.74658
0.20679;0.25684;-0.87207
-0.30518;26.00098;9.88770
0.19141;0.05225;-0.97205
-4.63867;15.50293;-16.78467
0.27844;0.20203;-1.04980
1.34277;9.58252;-5.24902
0.22266;0.13879;-1.10767
-6.59180;8.36182;-7.01904
0.33728;0.31445;-1.14038
-3.60107;8.97217;2.50244
0.18372;0.20264;-1.01343
-8.17871;7.01904;0.06104
0.15845;0.06848;-0.99207
-0.85449;3.35693;0.00000
0.15625;0.16748;-0.97815
2.86865;3.96729;3.78418
0.16626;0.11951;-0.98486
1.89209;0.85449;0.12207
0.15442;0.12524;-1.00024
2.80762;-1.22070;-2.13623
0.18286;0.16040;-1.00171
4.45557;1.77002;0.79346
0.19714;0.16772;-1.01111
4.33350;-2.31934;-1.89209
0.21741;0.16895;-1.05908
5.06592;-5.12695;-6.71387
0.23267;0.20642;-1.05286
5.24902;-6.95801;-2.74658
0.20996;0.20312;-1.08911
2.50244;-6.77490;2.19727
0.29199;0.11047;-1.11511
2.31934;-4.76074;16.11328
0.32544;0.24194;-0.95569
-3.35693;-18.73779;18.73779
-0.06494;0.10266;-0.73401
-8.05664;-31.55518;8.66699
-0.42505;-0.06897;-0.77771
1.15967;-23.62061;-18.98193
-0.15198;0.20935;-0.88159
6.53076;-1.22070;-1.64795
0.04639;0.17371;-0.97607
-0.18311;12.63428;6.40869
0.12366;0.12305;-1.04456
-2.13623;4.27246;-3.54004
0.13025;0.19836;-1.00879
2.01416;1.58691;4.27246
0.03650;0.08704;-0.99536
0.73242;-0.67139;-2.80762
0.04175;0.19287;-0.96497
2.13623;1.64795;0.97656
0.00415;0.14941;-0.96558
0.54932;5.67627;0.18311
0.05505;0.12195;-1.00403
0.67139;6.83594;-2.92969
0.10022;0.21228;-0.96924
-0.12207;6.34766;0.73242
-0.11914;0.10901;-0.90076
-1.28174;8.36182;-11.53564
-0.08362;0.03809;-0.89954
-0.24414;17.94434;-1.40381
0.08362;0.31104;-0.85815
5.31006;24.10889;8.54492
0.11194;-0.21277;-1.05481
-8.17871;18.31055;-32.04346
0.05359;0.17139;-0.87817
3.96729;13.91602;-5.12695
0.34802;0.28760;-1.10754
8.11768;12.87842;10.49805
0.47974;0.54895;-1.38708
1.64795;13.18359;7.87354
0.21069;0.28271;-0.94019
-11.77979;3.78418;-2.44141
0.14600;0.00024;-0.99341
-0.18311;0.73242;-1.46484
0.16650;0.22034;-0.96960
4.88281;0.48828;1.70898
0.18042;0.14014;-0.99060
1.46484;1.34277;0.42725
0.16394;0.19482;-0.97778
1.40381;-2.74658;-3.72314
0.18188;0.15686;-1.00757
0.06104;-0.06104;-0.79346
0.18286;0.19946;-1.01782
2.74658;-3.96729;-3.60107
0.21521;0.18970;-1.04175
1.77002;-6.53076;-4.15039
0.20630;0.18884;-1.02026
0.48828;-6.40869;0.61035
0.21326;0.15369;-1.05835
3.05176;-7.14111;2.07520
0.26855;0.18677;-1.11304
4.51660;-6.28662;20.44678
0.32434;0.26001;-0.99719
-1.46484;-11.16943;30.88379
-0.07239;0.11328;-0.80579
-12.26807;-28.56445;2.31934
-0.25330;0.11157;-0.77637
-4.51660;-23.25439;-7.62939
-0.20166;0.01575;-0.92090
-0.54932;-4.27246;-1.40381
0.08679;0.22266;-0.99158
1.70898;5.31006;-0.61035
0.11255;0.11267;-1.03467
-1.46484;4.63867;2.31934
0.09216;0.12476;-1.01831
-1.03760;-1.46484;-0.30518
0.07593;0.17151;-0.98743
2.01416;-2.80762;-1.52588
0.01257;0.15552;-0.96582
-0.24414;-2.25830;-1.52588
-0.04211;0.13391;-0.96985
1.40381;2.80762;-3.41797
0.06470;0.15930;-0.99634
2.31934;7.38525;-4.33350
-0.02966;0.14026;-0.93860
-1.95312;8.17871;-6.16455
0.09705;0.15479;-0.98401
1.70898;15.38086;-1.22070
0.14722;0.20398;-1.02966
-0.36621;14.83154;1.40381
0.01270;0.18445;-0.81787
-1.95312;15.62500;-2.68555
0.06201;0.02405;-0.97595
-3.47900;10.31494;-11.84082
0.14661;0.17004;-0.92249
4.21143;18.79883;16.41846
0.12805;0.07776;-1.01501
-4.27246;12.14600;-24.10889
0.43567;0.37708;-1.39514
6.65283;17.45605;24.96338
0.29565;0.32996;-0.95325
-14.83154;-0.06104;-5.98145
0.05664;-0.09216;-0.99988
-2.01416;1.46484;-12.87842
0.14539;0.20715;-0.96936
7.26318;7.44629;7.62939
0.20544;0.15955;-0.98181
2.19727;2.80762;0.79346
0.17444;0.15527;-0.99194
2.50244;-1.70898;-3.60107
0.17065;0.16577;-0.98511
1.77002;-0.36621;-3.23486
0.17883;0.17383;-1.00061
2.07520;-0.73242;0.00000
0.21509;0.17627;-1.00354
0.97656;-3.35693;-5.37109
0.19189;0.19507;-1.00098
2.44141;-2.80762;0.30518
0.18823;0.15283;-1.03552
1.22070;-6.16455;-3.23486
0.15930;0.20496;-1.02368
2.19727;-5.55420;-1.15967
0.23755;0.14844;-1.11890
2.86865;-6.28662;0.79346
0.40063;0.20959;-1.12671
-0.79346;-12.57324;5.98145
0.23853;0.26685;-0.84668
-6.95801;-21.78955;13.61084
-0.25989;-0.00659;-0.73743
-7.56836;-26.55029;-10.31494
-0.27625;0.10388;-0.83264
0.73242;-8.91113;-0.85449
-0.02832;0.13794;-0.94910
1.03760;8.66699;1.09863
0.18250;0.18579;-1.03162
0.06104;11.16943;10.19287
0.17297;0.18616;-1.01672
-1.89209;1.28174;-2.99072
0.10791;0.16968;-1.00903
1.52588;-0.97656;0.85449
0.01880;0.11096;-0.95898
-0.30518;-2.68555;-3.72314
0.01599;0.17480;-0.96545
1.40381;2.01416;-2.19727
0.06799;0.15137;-0.98413
0.61035;5.92041;3.17383
0.08984;0.14783;-1.00183
0.06104;4.94385;-2.13623
0.05420;0.14771;-0.97217
-0.06104;6.22559;-1.34277
-0.04309;0.13330;-0.87952
-0.12207;7.75146;-12.51221
0.06409;0.03613;-1.00037
1.64795;15.86914;-3.23486
0.10388;0.27856;-0.84363
1.40381;22.27783;14.83154
0.25220;0.05981;-0.99304
-0.30518;13.85498;-1.70898
0.23389;0.25256;-0.97839
3.47900;10.86426;6.16455
0.24377;-0.01453;-1.04065
-4.27246;9.76562;-11.96289
0.55017;0.58337;-1.39929
-1.52588;3.11279;-3.11279
0.20178;0.17444;-0.94763
-13.42773;6.53076;1.64795
0.15723;0.03784;-0.99219
1.64795;-0.42725;-1.58691
0.13635;0.22107;-0.98828
2.92969;2.62451;1.64795
0.16980;0.12048;-0.98486
0.61035;3.54004;0.91553
0.19604;0.16162;-1.00000
1.22070;-2.01416;-2.92969
0.17310;0.15173;-1.00195
0.30518;0.61035;0.36621
0.22009;0.17810;-1.02441
4.57764;-3.54004;-1.28174
0.19226;0.22668;-1.02783
4.63867;-6.10352;-4.51660
0.16833;0.16248;-1.03149
3.11279;-5.12695;1.28174
0.20886;0.13623;-1.01428
3.29590;-4.21143;3.35693
0.21045;0.17517;-1.02722
2.01416;-5.31006;12.02393
0.30750;0.21899;-1.07153
-0.97656;-10.07080;10.00977
0.19714;0.29919;-0.88281
-7.99561;-20.87402;12.20703
-0.06079;0.08984;-0.79724
-7.50732;-25.32959;3.78418
-0.23218;0.03357;-0.84375
-1.77002;-17.27295;0.42725
-0.13806;0.18420;-0.86682
2.62451;1.52588;-1.40381
0.05981;0.11414;-1.01929
0.97656;7.69043;0.91553
0.13831;0.18103;-1.00049
-0.06104;5.55420;1.70898
0.07617;0.14966;-1.01221
0.91553;-0.24414;-5.18799
0.08301;0.15686;-0.99158
3.96729;1.89209;1.64795
0.01135;0.14868;-0.96045
1.34277;1.34277;-3.54004
0.06946;0.19263;-0.97400
1.09863;3.84521;2.31934
0.04138;0.12817;-0.98193
-0.30518;4.15039;-1.83105
0.03284;0.17175;-0.95508
-0.00000;5.98145;-1.03760
-0.27441;0.09216;-0.75757
-3.17383;13.06152;-10.92529
0.10913;0.01550;-0.98669
-1.58691;13.54980;-15.13672
-0.01404;0.21521;-0.73755
-2.13623;20.08057;-17.45605
0.41565;0.07019;-1.03467
9.76562;7.62939;10.43701
0.35510;0.28809;-1.33801
-2.01416;8.30078;0.91553
0.35474;0.41760;-1.06494
-1.40381;12.39014;4.94385
0.09644;0.01233;-0.98926
-4.82178;1.09863;-9.88770
0.11218;0.14624;-0.94934
3.96729;5.79834;3.23486
0.16187;0.20422;-0.99780
1.58691;8.97217;2.56348
0.19897;0.15637;-0.98096
-1.22070;6.04248;0.06104
0.17700;0.14172;-0.99695
-0.36621;-0.18311;-3.54004
0.18188;0.16125;-1.00073
4.08936;0.24414;1.46484
0.16541;0.17358;-0.97852
2.74658;-1.58691;0.18311
0.22180;0.19604;-1.03235
2.13623;-2.68555;-0.85449
0.21301;0.22290;-1.04590
5.67627;-2.86865;2.38037
0.24121;0.22412;-1.10486
6.53076;-10.49805;2.74658
0.27185;0.16272;-1.10156
0.73242;-9.46045;5.12695
0.42236;0.21838;-1.04651
0.42725;-11.35254;19.77539
0.23499;0.26953;-0.81323
-7.50732;-34.60693;18.92090
-0.36133;-0.06787;-0.73743
-6.40869;-35.15625;-16.05225
-0.34338;0.04871;-0.84131
5.24902;-10.80322;-4.76074
0.04761;0.27344;-0.94983
4.69971;12.32910;6.77490
0.12939;0.15503;-1.01392
-2.74658;9.58252;3.72314
0.15088;0.20886;-1.02979
1.09863;2.56348;1.58691
0.06677;0.15930;-0.98010
1.77002;0.54932;-1.09863
0.04956;0.14880;-0.99854
2.01416;-0.06104;-1.95312
0.02930;0.18298;-0.96069
0.85449;4.69971;1.03760
0.03796;0.14795;-0.96838
-0.54932;6.71387;-0.61035
-0.01379;0.13025;-0.96045
-0.48828;10.43701;12.69531
-0.03259;0.20166;-0.86731
0.18311;13.12256;5.06592
-0.05237;0.11023;-0.86621
-5.73730;13.91602;-6.53076
0.11133;0.07825;-0.93042
5.49316;29.05273;25.39062
0.19495;0.17969;-0.88879
-6.46973;14.46533;-6.83594
0.34033;0.07068;-1.11987
-2.25830;6.16455;9.09424
0.29431;0.36292;-0.92456
-9.94873;2.74658;-17.33398
0.37109;0.15759;-1.46375
-5.18799;3.17383;-11.71875
0.19592;0.22583;-0.91321
-14.28223;7.69043;-1.95312
0.14709;0.01685;-1.00012
-2.56348;4.69971;-1.95312
0.18396;0.17761;-0.99756
2.38037;5.67627;2.86865
0.18286;0.11816;-0.98657
0.54932;1.89209;1.15967
0.18848;0.11975;-1.00134
3.47900;-1.46484;-0.06104
0.15088;0.15869;-1.01001
4.15039;1.46484;1.15967
0.22852;0.15723;-1.02380
7.62939;-1.09863;0.85449
0.18958;0.26355;-1.09070
7.69043;-7.20215;0.30518
0.31604;0.09399;-1.10559
4.82178;-11.35254;-2.99072
0.31445;0.16272;-1.06055
4.39453;-7.32422;6.53076
0.20764;0.14429;-0.98987
-5.55420;-13.42773;2.68555
0.02930;0.06519;-0.85205
-1.52588;-21.48438;6.71387
-0.09729;0.13806;-0.84583
0.06104;-18.43262;-15.56396
-0.02795;0.17371;-0.91370
2.68555;-5.92041;3.05176
0.05627;0.17920;-0.95508
-0.91553;0.61035;3.23486
0.02832;0.15796;-0.98279
0.24414;0.67139;0.61035
0.12720;0.18811;-1.01123
-0.18311;0.18311;5.37109
0.07837;0.14880;-0.99683
-0.36621;-2.19727;-5.43213
0.05579;0.14319;-0.97412
1.09863;0.73242;0.18311
0.03357;0.10828;-0.97961
-0.54932;1.40381;-0.18311
0.07104;0.18152;-0.97473
0.91553;2.86865;0.18311
0.05505;0.13672;-0.99011
-1.28174;2.13623;-1.64795
0.07080;0.14954;-0.98914
-0.06104;2.80762;-1.77002
-0.03943;0.15979;-0.92090
-0.85449;6.04248;-4.63867
-0.29456;0.11389;-0.64795
-2.07520;22.27783;-15.93018
-0.10876;-0.03699;-0.82434
9.33838;32.22656;7.99561
0.47229;0.12207;-0.98694
-2.31934;15.99121;12.26807
0.57251;-0.09729;-1.22546
-9.33838;8.11768;-20.14160
0.29285;0.51587;-1.03845
7.87354;17.51709;3.96729
0.14050;0.03137;-1.00354
-8.91113;-7.26318;-16.23535
0.04504;0.07922;-0.93274
6.40869;1.46484;4.02832
0.17163;0.23218;-0.97693
2.44141;9.70459;11.04736
0.19922;0.15845;-0.99377
-1.40381;2.99072;-0.12207
0.19727;0.16492;-1.00305
-0.12207;-2.68555;-3.66211
0.14856;0.12366;-0.98718
1.95312;-0.48828;0.54932
0.18152;0.16907;-0.99597
3.11279;-3.11279;-0.54932
0.16174;0.19177;-1.00195
1.46484;-3.54004;-5.79834
0.16577;0.13574;-1.01343
0.91553;-3.84521;-5.37109
0.16162;0.19519;-1.01086
2.25830;-4.15039;-1.09863
0.19397;0.17603;-1.04846
2.99072;-7.08008;-5.55420
0.25427;0.20422;-1.13257
4.45557;-7.20215;2.19727
0.28662;0.17786;-1.11584
-1.28174;-6.59180;11.96289
0.27710;0.26917;-0.97351
-4.39453;-22.46094;23.19336
-0.12292;0.09888;-0.72937
-9.70459;-27.58789;-0.36621
-0.32861;-0.03198;-0.84814
3.35693;-13.18359;-5.00488
-0.05701;0.17761;-0.92444
3.47900;3.66211;4.21143
0.15320;0.22485;-1.02466
-0.12207;6.40869;3.11279
0.05933;0.13599;-0.99963
-3.11279;1.15967;-3.90625
0.05200;0.09229;-1.00195
0.36621;-0.91553;1.03760
0.03809;0.21692;-0.95947
1.95312;-0.79346;0.61035
0.00342;0.15967;-0.96619
0.24414;0.97656;-2.74658
0.00989;0.15332;-0.96899
1.15967;6.53076;1.15967
-0.03149;0.19116;-0.91321
0.79346;13.06152;-2.01416
0.05115;0.13391;-0.97351
0.48828;15.25879;0.97656
-0.07275;0.16162;-0.79761
-4.21143;18.61572;-11.16943
0.08923;-0.02698;-1.04468
1.83105;15.80811;5.55420
0.26611;0.35547;-0.96521
-0.18311;13.00049;16.90674
0.11572;-0.18701;-0.96033
-2.68555;4.57764;-27.09961
0.16882;0.24036;-1.07898
3.90625;7.75146;10.68115
0.25098;0.20776;-1.02393
0.30518;12.93945;4.51660
0.25464;0.20142;-1.02893
-3.05176;1.70898;-4.21143
0.19702;0.17236;-1.06274
-2.25830;5.06592;-0.91553
0.17627;0.12134;-0.98132
-0.61035;2.38037;-0.12207
0.15405;0.15833;-0.98584
1.22070;0.24414;0.54932
0.16687;0.15356;-0.98352
1.83105;1.46484;0.24414
0.16406;0.15430;-0.98401
1.34277;0.42725;0.06104
0.17993;0.15564;-0.99890
1.03760;-0.67139;-1.34277
0.16541;0.16443;-1.00037
1.89209;-1.52588;-2.38037
0.20422;0.18579;-1.01794
2.31934;-3.72314;-5.06592
0.21948;0.23108;-1.08826
4.39453;-7.38525;-6.40869
0.25977;0.18994;-1.11609
7.08008;-10.49805;7.81250
0.30090;0.22290;-1.04553
2.25830;-10.13184;6.22559
0.19946;0.22705;-0.95386
-5.79834;-11.71875;7.93457
-0.13196;0.11938;-0.77185
-9.58252;-21.30127;6.65283
-0.22058;0.13220;-0.82239
-0.48828;-14.16016;-0.85449
-0.05945;0.09106;-0.95935
0.67139;-0.79346;-1.34277
0.07117;0.17224;-0.98987
-0.12207;3.35693;4.27246
0.07983;0.10425;-1.00330
-0.00000;2.44141;2.38037
0.10400;0.17981;-1.00134
1.70898;-0.12207;3.41797
0.09473;0.15906;-1.00085
0.36621;-0.54932;0.73242
0.01477;0.13220;-0.97607
1.09863;-0.48828;-2.80762
0.05176;0.13965;-0.97852
1.15967;3.29590;-0.12207
0.06738;0.18127;-0.97620
0.73242;4.27246;-0.24414
0.09058;0.17810;-0.98682
-0.00000;4.27246;0.12207
-0.09399;0.13269;-0.88770
-1.40381;8.54492;-3.29590
-0.16650;0.09375;-0.82495
0.61035;15.56396;-5.61523
0.01392;0.03174;-0.91760
5.67627;25.57373;5.61523
0.24915;0.19128;-0.95752
-1.52588;11.53564;10.25391
0.27368;0.13367;-1.02881
-0.06104;6.22559;-9.76562
0.25293;0.10718;-1.06140
-2.68555;4.88281;-14.52637
0.22595;0.23010;-1.10767
0.42725;6.59180;0.42725
0.25574;0.26599;-1.02734
-0.00000;6.89697;2.44141
0.17664;0.15234;-1.00061
-1.09863;3.17383;-2.13623
0.14893;0.13721;-0.96069
2.31934;3.05176;1.28174
0.17334;0.17615;-0.98730
2.38037;1.89209;0.91553
0.16956;0.15967;-0.97876
1.89209;-0.36621;-1.22070
0.15735;0.15723;-0.98962
2.31934;0.12207;-0.79346
0.17712;0.18298;-0.99243
1.40381;0.00000;-1.28174
0.20581;0.19067;-1.01147
1.34277;-1.40381;-4.94385
0.17627;0.18188;-1.02185
2.62451;-4.45557;-11.29150
0.24622;0.17358;-1.11182
5.98145;-6.22559;-7.20215
0.28784;0.27539;-1.14478
7.50732;-10.00977;-0.18311
0.31714;0.28210;-1.04993
-2.99072;-7.32422;8.17871
0.09961;0.15527;-0.89111
-8.60596;-17.76123;10.37598
-0.22302;0.05566;-0.73816
-4.39453;-24.35303;1.15967
-0.15442;0.12830;-0.88855
3.35693;-7.44629;6.65283
-0.01404;0.11243;-0.96753
0.18311;-0.61035;2.92969
0.13074;0.22363;-0.99292
1.70898;3.72314;5.85938
0.04614;0.10327;-0.99707
-3.41797;-0.61035;3.60107
0.05603;0.14844;-0.99048
0.36621;-1.03760;2.74658
0.05542;0.15759;-0.98474
-0.12207;-0.48828;0.12207
0.03564;0.17871;-0.96851
0.48828;0.91553;1.46484
0.05469;0.15942;-0.98792
-1.03760;2.92969;-2.13623
0.07263;0.17200;-0.98572
-0.73242;2.62451;-1.40381
-0.02649;0.17346;-0.92615
-0.24414;5.98145;-3.90625
-0.19763;0.05444;-0.85645
-0.79346;13.30566;-11.59668
0.05200;0.23145;-0.82214
5.24902;17.08984;-0.06104
0.09412;-0.00549;-0.99451
-2.19727;9.21631;-9.09424
0.21667;0.38599;-1.01575
4.33350;7.01904;7.01904
0.22656;0.04248;-1.09399
-3.54004;6.59180;-14.40430
0.21753;0.22351;-1.05505
-4.15039;10.49805;0.24414
0.24316;0.21289;-1.08032
-2.01416;14.28223;5.79834
0.19458;0.17273;-0.96265
-2.07520;7.62939;1.15967
0.15540;0.11108;-1.03271
0.73242;3.29590;-1.40381
0.18909;0.21704;-0.96326
3.54004;5.98145;4.39453
0.17017;0.16455;-0.98413
-0.30518;0.42725;-3.11279
0.17200;0.15039;-0.98975
2.31934;-0.42725;-1.03760
0.16577;0.16431;-0.97791
2.25830;-0.12207;-0.06104
0.16064;0.17065;-0.97375
2.13623;-0.36621;0.00000
0.16919;0.17041;-0.97766
0.18311;0.36621;-0.54932
0.17664;0.17615;-1.00049
0.79346;-0.54932;-0.85449
0.27686;0.20679;-1.06995
1.58691;-3.96729;-5.12695
0.34436;0.25879;-1.19348
5.49316;-12.26807;-2.99072
0.38135;0.20081;-1.05896
1.83105;-10.55908;8.54492
0.22083;0.09546;-0.84338
-4.33350;-13.91602;8.17871
-0.17224;0.08545;-0.76526
-3.96729;-19.28711;5.85938
-0.20691;0.15881;-0.78589
0.67139;-7.87354;3.60107
0.02698;0.16382;-0.98486
1.58691;1.89209;3.05176
0.18481;0.15759;-1.03394
-1.58691;4.51660;7.44629
0.08887;0.12866;-0.97742
-3.23486;-4.02832;-0.67139
0.13342;0.13684;-1.01599
2.13623;-2.56348;2.31934
0.02783;0.15503;-0.93567
-0.18311;-4.15039;-1.70898
0.02698;0.16309;-0.97070
2.38037;-2.38037;-4.82178
0.07117;0.22485;-0.96301
1.64795;1.46484;0.73242
0.09973;0.13196;-1.01782
0.30518;2.80762;-2.62451
0.02869;0.18530;-0.95398
0.67139;3.05176;-2.92969
-0.14978;0.09424;-0.87732
-1.09863;10.74219;-7.93457
-0.07690;0.10376;-0.81482
3.29590;16.11328;-4.88281
0.07593;0.10767;-0.92139
6.53076;12.93945;4.94385
0.25330;0.25891;-0.96387
-2.80762;12.63428;-1.28174
0.21179;0.16577;-1.01074
-4.08936;12.20703;-6.71387
0.32910;0.12781;-1.27502
-1.77002;7.56836;-2.62451
0.29138;0.39209;-1.02063
-0.61035;7.01904;2.62451
0.14307;0.12341;-1.00049
-1.40381;1.58691;-8.36182
0.08899;0.09265;-0.95142
2.01416;3.47900;-0.06104
0.15808;0.18091;-0.97766
4.21143;5.37109;5.67627
0.21863;0.23279;-1.00256
2.07520;0.73242;-1.70898
0.15906;0.15442;-0.98682
2.01416;-0.61035;-3.05176
0.15417;0.17896;-0.97864
2.07520;0.06104;-0.67139
0.18188;0.17725;-1.00061
1.89209;-1.64795;-0.61035
0.19556;0.20947;-0.99182
3.29590;-5.24902;-4.57764
0.22461;0.23193;-1.04932
4.69971;-8.54492;-5.55420
0.23804;0.18164;-1.11487
5.73730;-11.35254;-3.29590
0.22058;0.19324;-1.07239
5.24902;-9.52148;5.00488
0.15527;0.14819;-0.98193
-0.61035;-5.55420;10.62012
0.04883;0.12659;-0.87024
2.56348;-8.97217;14.70947
-0.00085;0.24109;-0.83740
-0.12207;-13.36670;2.01416
0.01477;0.24585;-0.92200
-2.56348;-7.93457;-1.70898
0.03772;0.12402;-0.98108
-3.84521;-3.84521;7.14111
0.04224;0.14441;-0.96814
-3.84521;-7.14111;4.15039
0.00208;0.23950;-0.92358
-1.77002;-5.00488;-0.67139
-0.01318;0.10388;-0.99316
-0.42725;-1.95312;-2.19727
0.04004;0.21692;-0.96411
1.40381;2.92969;0.36621
0.11670;0.19238;-1.00806
0.12207;3.05176;0.12207
0.02356;0.15930;-0.97583
-0.30518;0.85449;-2.92969
0.06860;0.19055;-0.98779
1.28174;1.46484;-0.85449
0.05090;0.18384;-0.98206
-0.30518;1.09863;-1.03760
0.05457;0.16553;-0.99878
-0.06104;1.58691;-2.25830
0.06616;0.17932;-0.98462
0.24414;2.92969;0.30518
0.05725;0.17908;-0.98425
-0.67139;2.25830;-1.64795
0.01917;0.15747;-0.96326
-0.30518;3.11279;-1.77002
-0.27747;0.12817;-0.79858
-2.68555;10.80322;-4.69971
-0.18079;0.00208;-0.84424
3.35693;24.10889;-4.82178
0.12158;0.29260;-0.86279
4.27246;17.94434;28.32031
0.31287;0.08264;-1.03284
-9.70459;16.60156;-1.15967
0.34668;0.18445;-1.11011
-6.40869;12.75635;2.92969
0.40100;0.30457;-1.21680
-4.15039;9.52148;-1.09863
0.20508;0.20984;-1.00366
-4.63867;0.12207;-9.09424
0.10754;0.08813;-0.97241
-0.12207;-1.64795;-6.59180
0.10876;0.18945;-0.97217
0.18311;3.72314;-0.54932
0.17456;0.20764;-0.97546
1.58691;2.74658;3.41797
0.17224;0.14587;-1.01709
2.25830;-2.13623;-2.50244
0.14783;0.17920;-0.99292
2.62451;-2.13623;-4.51660
0.15479;0.14832;-0.99963
1.22070;-1.83105;-4.08936
0.15942;0.18530;-1.01221
2.31934;-2.74658;-1.52588
0.16589;0.17615;-1.04492
1.40381;-3.47900;-7.20215
0.22986;0.18677;-1.07068
5.55420;-5.43213;1.34277
0.30261;0.17969;-1.13281
6.53076;-9.88770;-0.91553
0.28613;0.14832;-1.07898
-0.06104;-8.91113;11.47461
0.19153;0.21130;-0.87671
-2.44141;-20.14160;16.47949
-0.22803;0.08557;-0.72839
-1.52588;-25.63477;-5.67627
-0.29431;0.09790;-0.81360
2.50244;-11.41357;-3.90625
-0.01831;0.24707;-0.92371
4.08936;12.39014;7.01904
0.19946;0.16663;-1.06970
-3.29590;11.29150;10.80322
0.09949;0.17834;-0.98901
-5.12695;2.13623;0.24414
0.09729;0.16919;-0.99707
0.61035;0.12207;1.95312
0.00305;0.13696;-0.97839
-0.48828;-1.70898;-3.78418
0.07007;0.20105;-0.98657
1.95312;1.64795;-1.34277
0.06079;0.16858;-0.98633
-0.06104;3.05176;0.06104
0.07336;0.18274;-0.98511
0.79346;4.39453;0.48828
0.04883;0.16028;-0.98120
-0.67139;3.41797;-2.80762
0.04382;0.18958;-0.96057
0.61035;5.61523;2.13623
-0.14026;0.15308;-0.84863
-3.11279;10.31494;-2.19727
-0.20129;-0.01404;-0.80640
0.30518;15.38086;-12.69531
0.10864;0.21936;-0.84790
4.76074;11.84082;14.03809
0.29663;0.06042;-1.12488
-5.12695;15.68604;-8.30078
0.36182;0.24402;-1.18604
-7.69043;14.83154;-1.58691
0.32007;0.23962;-1.17920
0.73242;8.60596;2.19727
0.17859;0.21655;-0.97327
0.67139;-3.17383;-4.57764
0.07080;0.06982;-0.98608
2.68555;1.89209;-4.39453
0.15381;0.17285;-0.96082
2.62451;5.98145;3.84521
0.18396;0.18604;-1.00940
1.95312;2.56348;0.48828
0.19849;0.19202;-0.99951
3.84521;-1.46484;-4.21143
0.15796;0.19067;-1.00647
4.15039;-2.68555;-8.60596
0.15637;0.19202;-0.99573
3.72314;-3.11279;-7.62939
0.17981;0.17957;-1.02649
5.92041;-3.29590;-6.04248
0.16846;0.20776;-0.97925
7.20215;-5.43213;-2.92969
0.16333;0.21411;-1.00671
7.81250;-5.18799;-2.99072
0.22412;0.20715;-1.07410
8.85010;-5.92041;2.50244
0.35291;0.25183;-1.11658
4.27246;-5.49316;4.69971
0.33997;0.36536;-0.92651
-0.00000;-19.77539;11.16943
-0.16809;0.06445;-0.73376
-5.24902;-30.82275;-3.23486
-0.31152;0.10986;-0.80945
3.29590;-18.92090;-5.18799
-0.11499;0.19983;-0.90918
2.80762;-1.52588;-1.15967
0.06360;0.26587;-0.97363
0.79346;4.45557;1.03760
0.04443;0.18945;-0.99878
-0.42725;1.09863;-2.50244
0.02295;0.22632;-0.97083
2.19727;-0.67139;-0.97656
0.01306;0.24854;-0.96338
2.99072;2.25830;-1.15967
0.02002;0.20898;-0.97314
0.79346;5.49316;1.52588
0.02026;0.21423;-0.96204
-0.24414;7.32422;2.62451
0.05481;0.22864;-0.97473
-0.61035;8.66699;2.44141
0.05701;0.18933;-0.97278
-1.89209;9.33838;1.46484
-0.04150;0.26355;-0.87195
-3.90625;10.80322;-0.48828
-0.04895;0.05701;-0.90796
-2.50244;21.17920;-7.08008
-0.07495;0.20007;-0.76233
0.73242;14.16016;5.61523
0.21497;0.06848;-0.96130
-9.39941;6.46973;-0.85449
0.23193;0.33447;-1.09314
-3.96729;13.24463;14.83154
0.36865;0.23743;-1.17395
-9.27734;18.00537;3.96729
0.26025;0.33813;-1.08887
-10.49805;16.29639;5.61523
0.12659;0.10693;-0.96851
-4.88281;1.77002;-5.73730
0.13806;0.07031;-0.96301
0.24414;2.92969;2.56348
0.16956;0.20300;-0.97839
-0.06104;4.45557;5.43213
0.20825;0.17651;-1.00134
-1.22070;2.19727;-0.36621
0.15845;0.17432;-0.98560
-1.15967;0.30518;-0.18311
0.18018;0.14978;-0.98718
0.67139;-0.30518;1.34277
0.16492;0.17700;-0.99243
1.09863;-1.64795;-2.99072
0.15015;0.15356;-1.00818
1.64795;-3.60107;-4.88281
0.21179;0.19580;-1.02588
4.33350;-5.00488;1.34277
0.23975;0.20691;-1.05811
5.49316;-5.55420;10.80322
0.23230;0.23816;-1.04822
7.08008;-8.72803;8.42285
0.22852;0.20715;-1.04871
3.47900;-9.15527;2.44141
0.22266;0.21082;-1.04248
2.19727;-4.15039;6.22559
0.11841;0.20715;-0.81006
-6.53076;-17.15088;7.69043
-0.19287;0.07874;-0.83398
-4.82178;-21.72852;0.30518
-0.19080;0.08044;-0.90002
0.73242;-10.74219;5.18799
0.07642;0.18115;-0.97363
3.23486;4.27246;7.81250
0.09631;0.16016;-1.00781
-1.34277;2.38037;-0.85449
0.09387;0.18799;-0.97620
-0.18311;0.91553;-1.22070
0.06409;0.12122;-1.00256
0.73242;-0.73242;-4.39453
0.06519;0.21362;-0.96838
1.77002;0.54932;-1.09863
0.04541;0.16736;-0.98254
0.79346;2.07520;-4.15039
0.05420;0.19202;-0.96790
1.58691;5.12695;-1.09863
0.02307;0.14685;-0.97400
-0.67139;4.39453;-2.31934
0.01086;0.16492;-0.94348
0.54932;10.00977;-3.90625
0.01111;0.17761;-0.92383
1.28174;15.31982;2.13623
-0.09729;0.03442;-0.82056
1.89209;21.30127;-1.28174
0.14990;0.18359;-0.90576
8.11768;7.08008;26.73340
0.34216;0.27820;-0.98621
-6.04248;8.23975;0.48828
0.27222;0.21326;-1.13489
-3.96729;10.74219;5.18799
0.33508;0.21179;-1.13684
-9.94873;10.68115;-8.30078
0.20654;0.13220;-1.06946
-5.37109;5.43213;0.30518
0.16858;0.14233;-0.96704
-0.24414;-1.09863;-4.45557
0.12378;0.13940;-0.97095
0.54932;0.67139;-1.15967
0.15161;0.14087;-0.97754
1.52588;5.49316;0.61035
0.18445;0.19177;-0.99475
1.70898;2.86865;-2.01416
0.16504;0.16309;-0.98523
3.54004;2.01416;-0.06104
0.17773;0.15100;-0.99951
3.23486;-0.48828;-4.45557
0.16589;0.17603;-0.98926
2.01416;1.46484;-0.12207
0.19543;0.17834;-1.01611
1.22070;1.40381;-1.28174
0.21082;0.24841;-1.03101
0.67139;-1.03760;3.84521
0.28699;0.17273;-1.10962
5.92041;-4.82178;1.70898
0.33667;0.20593;-1.11536
7.56836;-11.84082;1.52588
0.29468;0.17200;-1.04480
0.42725;-9.33838;1.46484
0.13770;0.15015;-0.80872
-5.06592;-16.84570;12.45117
-0.16650;0.11633;-0.78528
-4.88281;-23.07129;3.54004
-0.21887;0.10229;-0.86047
-2.19727;-8.91113;2.56348
0.11157;0.17773;-1.00635
2.50244;6.71387;3.96729
0.18359;0.19690;-1.02612
-2.62451;5.85938;1.70898
0.09705;0.15088;-0.98718
-2.99072;0.73242;-4.21143
0.08948;0.13940;-0.98853
1.46484;0.54932;-0.97656
0.03589;0.13232;-0.97888
1.58691;-0.61035;-2.56348
0.09790;0.22742;-0.97021
3.47900;3.96729;2.01416
0.05957;0.11719;-0.99207
0.73242;4.45557;-2.44141
0.09363;0.19800;-0.96558
3.11279;6.16455;1.09863
0.10510;0.15271;-0.99890
0.54932;4.57764;-1.15967
-0.01331;0.17273;-0.91821
0.73242;7.38525;-3.11279
-0.12012;0.07996;-0.83813
3.60107;17.51709;-7.93457
-0.09705;0.14600;-0.67407
5.79834;4.63867;7.87354
0.12634;0.18689;-0.90198
-1.89209;5.31006;-21.66748
0.43848;-0.07275;-1.15833
2.92969;13.30566;0.73242
0.34827;0.88757;-1.42444
6.28662;8.60596;-26.12305
0.26526;0.34521;-0.93652
-17.27295;2.38037;-9.58252
0.06409;-0.07458;-0.95923
-0.24414;-0.42725;-6.95801
0.11816;0.23792;-0.95581
3.96729;5.12695;7.26318
0.21838;0.23743;-0.98816
-2.50244;6.77490;0.36621
0.19031;0.14575;-0.99854
-0.30518;1.28174;-1.89209
0.18152;0.15576;-0.97815
3.35693;-2.13623;-2.44141
0.15918;0.22510;-0.98450
3.05176;-3.35693;-3.35693
0.15576;0.18188;-0.98865
0.97656;-1.83105;-1.64795
0.15381;0.22278;-1.02185
0.06104;-0.42725;-5.49316
0.22449;0.27649;-1.04761
0.79346;-1.03760;2.80762
0.27673;0.22009;-1.13013
3.60107;-8.85010;0.54932
0.25659;0.22925;-1.05750
5.55420;-12.45117;2.25830
0.17493;0.10913;-1.00842
-0.24414;-8.23975;5.37109
0.16248;0.18762;-0.90747
-0.12207;-15.31982;12.32910
-0.05530;0.19995;-0.77368
-3.84521;-20.99609;4.51660
-0.23962;0.11157;-0.84692
-2.92969;-9.70459;0.12207
-0.04297;0.14978;-0.99744
2.07520;1.46484;1.03760
0.18262;0.23486;-1.01404
2.99072;5.37109;8.97217
0.08643;0.16028;-0.99377
-1.03760;-2.38037;-4.94385
0.06396;0.18591;-0.97412
2.44141;-1.77002;-0.79346
-0.00281;0.14014;-0.96423
15.44189;-1.09863;-4.94385
0.05530;0.18701;-0.98450
0.91553;1.28174;-0.91553
0.03259;0.17896;-0.97144
-0.73242;1.89209;-3.17383
0.08630;0.20508;-0.98071
-0.12207;3.78418;-1.46484
-0.01221;0.18323;-0.93567
-1.95312;6.10352;-5.98145
-0.15833;0.10779;-0.87366
-2.68555;13.12256;-4.33350
-0.15051;0.08777;-0.73828
-1.77002;15.31982;-5.00488
0.13684;0.06677;-0.85425
-0.12207;3.41797;-0.91553
0.25488;0.20605;-0.99988
0.67139;8.17871;5.92041
0.44250;0.23767;-1.31177
-3.66211;10.92529;1.34277
0.31238;0.47180;-1.18311
-4.08936;13.30566;2.86865
0.09973;0.06653;-0.97461
-5.73730;3.23486;-8.36182
0.11658;0.12122;-0.95728
2.31934;4.82178;3.66211
0.13953;0.19421;-0.97205
-0.48828;7.14111;5.55420
0.19067;0.17310;-0.99353
-1.03760;6.10352;4.76074
0.17236;0.17932;-0.99097
0.12207;0.54932;-1.03760
0.18738;0.16553;-0.98596
1.09863;0.48828;0.79346
0.16785;0.17407;-0.98962
-0.61035;-1.09863;-2.92969
0.18188;0.18555;-1.02478
2.44141;-1.58691;-2.99072
0.18726;0.22034;-1.02454
4.57764;-4.27246;0.79346
0.21997;0.20520;-1.04626
7.14111;-7.56836;1.89209
0.22961;0.22327;-1.04480
6.77490;-10.98633;2.80762
0.22534;0.18958;-1.06494
5.18799;-8.54492;5.00488
0.20068;0.24426;-1.01709
-3.17383;-1.77002;13.24463
0.08032;0.22876;-0.85461
-7.01904;-12.45117;10.00977
-0.17773;0.05457;-0.83154
-4.69971;-17.63916;-0.42725
-0.17773;0.12402;-0.85767
2.31934;-3.72314;5.31006
0.04272;0.16016;-0.96729
3.17383;6.83594;3.96729
0.16260;0.19202;-1.00720
0.73242;6.10352;9.39941
0.10596;0.16968;-0.99573
-1.52588;1.52588;-1.83105
0.07507;0.15930;-0.98328
2.19727;0.06104;-1.89209
0.08569;0.20178;-0.97534
1.52588;-0.06104;-2.56348
0.06396;0.18713;-0.97778
0.79346;1.15967;-2.01416
0.05518;0.17896;-0.96606
-0.54932;4.27246;-1.64795
0.09619;0.18567;-0.97925
0.06104;5.00488;0.12207
-0.02063;0.16296;-0.89246
-1.58691;7.38525;-4.88281
-0.14380;0.01587;-0.72949
-5.18799;10.98633;-21.72852
-0.06165;0.13281;-0.85486
-0.00000;1.64795;-15.56396
0.24280;0.37366;-0.96619
3.41797;7.01904;7.56836
0.25488;0.05334;-1.13257
-9.64355;14.22119;-16.96777
0.31323;0.52454;-1.45361
0.79346;15.68604;8.05664
0.20618;0.19531;-0.95972
-13.12256;5.24902;-7.26318
0.08850;0.01404;-0.95251
3.72314;0.97656;0.67139
0.12744;0.23938;-0.95581
2.86865;5.18799;6.53076
0.16663;0.16931;-0.99304
-0.85449;6.59180;3.78418
0.19641;0.17932;-0.99902
1.89209;2.56348;0.79346
0.13635;0.15234;-0.98633
0.67139;-0.85449;-2.13623
0.17615;0.16541;-0.98950
2.86865;0.12207;1.03760
0.15747;0.20276;-0.98657
1.28174;-1.09863;-2.25830
0.16882;0.15222;-1.00208
2.25830;-0.67139;-0.42725
0.22290;0.19836;-1.03540
2.50244;-3.72314;-2.07520
0.34338;0.20642;-1.16016
8.36182;-8.85010;3.66211
0.33875;0.22107;-1.08423
7.32422;-11.77979;6.22559
0.24939;0.18103;-1.02271
0.42725;-7.62939;15.99121
-0.01318;0.17188;-0.81689
-3.05176;-19.16504;11.96289
-0.29895;0.12842;-0.72302
-2.44141;-19.47021;0.12207
-0.10193;0.11328;-0.90979
2.56348;0.42725;5.98145
0.06360;0.16284;-0.98450
-0.24414;7.01904;3.05176
0.19470;0.25366;-1.01453
-0.00000;5.61523;4.15039
0.12622;0.19971;-0.98767
-1.52588;-1.95312;-0.67139
0.05115;0.13110;-0.98608
0.54932;-2.01416;-5.18799
0.05530;0.17078;-0.97205
2.13623;0.12207;-1.77002
0.12122;0.22363;-0.98145
0.48828;2.62451;0.97656
0.05176;0.15674;-0.97034
-2.25830;1.52588;-3.47900
0.04785;0.16956;-0.96570
-0.36621;4.76074;-1.15967
-0.05847;0.14185;-0.89868
-1.95312;10.13184;-5.67627
0.02759;0.10413;-0.93542
-2.01416;14.34326;-9.33838
-0.03540;0.22571;-0.73694
-8.30078;6.04248;-17.21191
0.25464;-0.03992;-0.89014
5.06592;9.94873;0.67139
0.19043;0.19666;-1.00049
-2.07520;13.24463;-6.77490
0.55298;0.35242;-1.53674
8.54492;24.96338;20.87402
0.26746;0.31079;-0.86230
-17.76123;9.52148;2.01416
0.10095;-0.02856;-0.99390
0.06104;0.36621;-7.20215
0.12610;0.23413;-0.94702
5.43213;6.40869;8.11768
0.20337;0.20630;-0.98718
2.13623;7.99561;6.65283
0.20764;0.15686;-0.98328
0.12207;3.17383;2.13623
0.17065;0.15442;-0.98547
2.01416;0.12207;-1.09863
0.16565;0.18298;-0.96130
2.01416;1.34277;0.73242
0.18213;0.16760;-0.98267
0.91553;0.42725;-0.91553
0.17847;0.18188;-0.98596
1.40381;1.83105;2.25830
0.23621;0.18689;-1.00598
-0.42725;-1.34277;0.42725
0.22192;0.26660;-1.05945
4.63867;-6.65283;-3.72314
0.33728;0.21460;-1.13672
7.50732;-11.84082;4.45557
0.29285;0.19958;-1.04382
4.15039;-14.22119;3.35693
0.21716;0.16040;-0.96094
0.48828;-9.33838;8.66699
0.09863;0.10388;-0.86182
-2.56348;-13.18359;14.09912
-0.09753;0.16919;-0.82935
-1.83105;-15.68604;4.76074
-0.02563;0.18726;-0.91174
-1.40381;-7.93457;6.83594
0.03516;0.11963;-0.98022
-2.86865;-3.17383;-0.85449
0.05029;0.20386;-0.95190
0.30518;0.36621;1.77002
0.12085;0.13208;-1.01550
-0.61035;1.95312;4.51660
0.02954;0.10376;-0.98047
-1.34277;-2.01416;-6.16455
0.10120;0.22461;-0.96753
2.01416;0.30518;1.58691
0.04102;0.14758;-0.97485
-0.06104;1.64795;-2.50244
0.08972;0.16467;-0.99182
1.03760;4.57764;-2.13623
0.05054;0.16211;-0.95605
-0.97656;6.95801;-6.71387
-0.02332;0.17847;-0.91296
-2.50244;7.26318;-18.49365
-0.10913;0.20203;-0.74670
0.61035;20.81299;-6.22559
0.12195;0.08948;-0.96948
-3.72314;15.19775;-8.05664
0.31958;0.22693;-1.00684
-0.79346;9.03320;5.67627
0.24719;0.15271;-1.11255
-3.66211;10.92529;-9.27734
0.28735;0.07605;-1.15271
1.46484;8.78906;2.50244
0.25256;0.31750;-1.04016
0.85449;8.60596;2.62451
0.16870;0.16687;-0.99463
-2.31934;5.92041;-3.29590
0.18823;0.17151;-0.98560
0.54932;5.24902;1.09863
0.18591;0.15430;-0.98779
0.54932;3.11279;0.24414
0.19104;0.17114;-0.97241
1.15967;2.19727;0.42725
0.18213;0.17517;-0.98535
-0.00000;-0.67139;-1.64795
0.18713;0.16113;-0.98352
1.09863;-0.12207;-1.70898
0.19104;0.15076;-0.98779
0.24414;-0.12207;-1.40381
0.19702;0.20581;-1.01404
2.25830;-0.85449;0.36621
0.25684;0.20837;-1.10242
3.84521;-6.16455;-2.99072
0.39966;0.23755;-1.16858
10.80322;-15.62500;1.40381
0.31592;0.24939;-1.04724
2.92969;-14.40430;-2.38037
0.13452;0.11609;-0.89355
-3.29590;-11.84082;9.03320
-0.15967;0.07898;-0.76331
-2.68555;-17.76123;13.42773
-0.18164;0.20691;-0.77856
1.28174;-10.74219;4.88281
0.05493;0.19812;-0.97095
1.03760;1.34277;3.29590
0.12012;0.15100;-1.02185
-1.58691;3.66211;1.46484
0.10693;0.19495;-0.96997
-1.89209;0.00000;-0.61035
0.13208;0.15601;-1.01038
0.67139;-1.89209;-3.23486
0.05298;0.15454;-0.97363
0.30518;-2.07520;-2.62451
0.07898;0.18665;-0.97449
1.22070;-0.36621;0.97656
0.06824;0.17773;-0.97400
-0.91553;1.34277;-0.06104
0.09058;0.15430;-0.99146
-1.09863;1.22070;-1.03760
0.07715;0.17737;-0.97412
-1.15967;2.92969;-2.01416
-0.07361;0.14355;-0.89624
-2.74658;6.53076;-6.10352
-0.07568;0.03369;-0.81458
0.42725;16.78467;-6.10352
0.03918;0.10767;-0.86816
2.50244;10.86426;6.65283
0.38464;0.15369;-1.01477
0.61035;17.82227;12.87842
0.23438;0.01453;-1.06934
-7.69043;13.12256;-21.54541
0.41479;0.50708;-1.29968
3.54004;14.46533;8.17871
0.25952;0.23035;-0.96936
-8.48389;3.41797;-6.46973
0.09387;0.04285;-0.97107
2.31934;-0.54932;-4.57764
0.12976;0.19409;-0.95337
2.92969;6.89697;6.53076
0.19714;0.18188;-0.97144
0.91553;6.04248;4.76074
0.20239;0.17053;-0.99756
1.15967;0.18311;-1.22070
0.17188;0.16589;-0.98889
1.83105;0.48828;-1.28174
0.17957;0.18213;-0.97534
1.28174;1.46484;2.25830
0.19214;0.16968;-0.99878
-0.85449;0.48828;-2.62451
0.22522;0.16479;-1.02441
1.89209;-1.83105;-2.44141
0.27698;0.25037;-1.08228
7.50732;-6.28662;4.15039
0.31897;0.27075;-1.12732
8.30078;-12.93945;1.40381
0.30127;0.17163;-1.02795
0.36621;-7.38525;1.28174
0.11157;0.11963;-0.90173
-4.39453;-14.46533;11.47461
-0.13220;0.09692;-0.76892
-3.66211;-19.77539;8.23975
-0.06177;0.16785;-0.89392
1.34277;-6.28662;2.92969
0.02673;0.11560;-0.95142
-0.18311;3.72314;4.88281
0.10120;0.15833;-1.00098
-0.36621;3.11279;1.28174
0.17029;0.19263;-1.00037
0.12207;0.97656;0.73242
0.07410;0.13013;-0.99707
-1.40381;-2.74658;-6.16455
0.06812;0.17432;-0.97144
2.38037;1.03760;2.74658
0.08557;0.18079;-0.97864
0.30518;1.46484;-0.67139
0.07776;0.15149;-0.97766
-0.12207;2.92969;0.00000
0.04895;0.20154;-0.95740
0.48828;4.45557;-2.13623
-0.09021;0.15332;-0.87585
-1.46484;9.15527;-3.72314
-0.13623;-0.06348;-0.85791
3.11279;21.54541;-12.32910
0.32629;0.17737;-0.97388
6.83594;9.33838;23.86475
0.31775;0.26355;-0.85400
-9.15527;12.93945;-23.68164
0.24048;0.10803;-1.08435
-3.17383;6.89697;-7.20215
0.33643;0.27954;-1.21777
-1.77002;8.36182;-0.73242
0.25769;0.35339;-1.04370
-2.68555;7.08008;0.67139
0.13293;0.06970;-0.98499
-3.78418;0.54932;-7.93457
0.13196;0.16919;-0.96582
2.86865;4.39453;4.02832
0.19971;0.17590;-0.98633
0.67139;3.41797;1.52588
0.18237;0.18604;-0.99280
-0.06104;-0.48828;-1.89209
0.17273;0.16138;-0.98242
0.73242;-0.42725;-1.64795
0.18201;0.18433;-0.98767
0.67139;-0.36621;-0.97656
0.16284;0.18958;-0.98901
0.85449;-1.89209;-2.19727
0.18591;0.15552;-0.97400
2.07520;-2.80762;-1.03760
0.15295;0.23169;-0.99988
2.62451;-5.00488;-3.47900
0.20300;0.22363;-1.03381
2.99072;-3.84521;-3.66211
0.24402;0.18823;-1.08545
4.39453;-7.69043;-3.66211
0.32593;0.21631;-1.10645
7.56836;-9.03320;3.47900
0.32922;0.20532;-1.03760
0.36621;-6.28662;17.88330
0.09351;0.21313;-0.84937
-7.69043;-12.02393;14.89258
-0.16516;0.06055;-0.80054
-6.65283;-22.03369;-1.52588
-0.17712;0.07178;-0.86487
-0.48828;-9.70459;4.82178
0.00439;0.17859;-0.94690
2.31934;3.41797;3.60107
0.14551;0.21997;-1.00464
0.85449;5.85938;6.22559
0.07080;0.13855;-0.98950
-2.92969;-0.36621;-5.92041
0.09253;0.21326;-0.99866
2.92969;1.83105;2.44141
0.05847;0.15723;-0.97607
0.06104;0.24414;-1.46484
0.06970;0.18213;-0.98315
1.64795;2.07520;-0.30518
0.05078;0.15125;-0.97876
-0.42725;4.27246;-2.13623
0.01855;0.18677;-0.94360
1.09863;9.52148;-0.42725
0.01929;0.13037;-0.94226
-0.18311;11.65771;-3.96729
-0.09753;0.17505;-0.78015
-1.70898;15.99121;-17.51709
0.14343;0.14087;-0.90295
1.64795;9.58252;1.40381
0.23645;0.20325;-0.93909
-3.96729;12.75635;0.73242
0.34021;0.05151;-1.07507
-2.07520;12.08496;-6.77490
0.35217;0.23901;-1.17566
-2.13623;13.12256;0.30518
0.29065;0.31946;-1.01831
2.56348;6.40869;5.55420
0.12488;0.10583;-0.98145
0.36621;0.18311;-5.55420
0.11987;0.18701;-0.95337
2.31934;3.72314;4.08936
0.19531;0.18555;-0.99060
1.70898;5.00488;1.95312
0.19507;0.17224;-0.97363
-1.22070;1.52588;-2.62451
0.17358;0.17444;-0.98376
1.34277;0.42725;-0.48828
0.17126;0.16968;-0.97888
0.61035;1.52588;-0.12207
0.18091;0.18542;-0.97461
-0.18311;1.58691;0.97656
0.18884;0.16638;-1.01477
-0.79346;-1.22070;-4.45557
0.26538;0.18958;-1.08484
4.21143;-6.28662;-3.66211
0.36267;0.31873;-1.17688
10.43701;-16.47949;-3.84521
0.36816;0.26440;-1.08325
3.90625;-16.54053;-4.15039
0.16736;0.12317;-0.87695
-3.66211;-7.56836;7.87354
-0.18030;0.08789;-0.71143
-4.94385;-22.03369;14.77051
-0.21948;0.17493;-0.80103
-1.46484;-17.21191;2.68555
-0.05737;0.14612;-0.93567
-0.73242;-0.61035;0.67139
0.07349;0.16638;-1.00000
-1.03760;6.40869;1.28174
0.17261;0.19006;-1.01807
-0.79346;3.78418;4.02832
0.10266;0.15417;-0.99463
-1.64795;-1.95312;-5.06592
0.03320;0.15723;-0.97412
1.40381;-0.85449;0.06104
0.08459;0.15063;-0.99426
-0.00000;1.46484;-0.54932
0.08313;0.21216;-0.96069
1.09863;2.99072;1.46484
0.09363;0.17017;-0.98584
-0.42725;3.29590;0.61035
0.08276;0.15833;-0.99622
0.30518;2.68555;-1.40381
0.08179;0.20496;-0.96899
-0.00000;3.29590;-1.34277
0.07886;0.16809;-0.97449
0.54932;5.79834;0.06104
0.11121;0.16211;-0.99902
0.42725;6.59180;-0.97656
0.08044;0.18445;-0.96021
0.85449;6.65283;0.00000
-0.06409;0.12439;-0.83643
-2.25830;9.70459;-5.06592
-0.07019;0.12598;-0.86060
7.99561;15.19775;2.01416
0.05322;0.16443;-0.79321
-0.54932;7.50732;4.76074
0.32947;0.00378;-1.05872
-4.27246;11.96289;-2.38037
0.37134;0.23401;-1.14978
-6.89697;12.81738;2.07520
0.32544;0.37415;-1.20789
-0.24414;12.63428;-2.38037
0.15833;0.10742;-0.95374
-6.59180;0.67139;-6.59180
0.14124;0.11353;-0.97131
2.74658;0.06104;-4.45557
0.16650;0.22424;-0.96680
0.67139;3.54004;-1.09863
0.19678;0.13745;-0.98938
-1.03760;2.38037;-4.08936
0.19092;0.15527;-0.97949
3.11279;0.73242;-0.97656
0.17053;0.18115;-0.98010
4.69971;-2.86865;-3.90625
0.18359;0.18408;-0.98059
3.54004;-3.66211;-3.90625
0.18079;0.16516;-0.97815
3.29590;-2.99072;-2.44141
0.16553;0.18823;-0.96997
1.95312;-3.78418;-2.99072
0.14209;0.19800;-0.97375
1.15967;-2.92969;0.00000
0.12024;0.19788;-0.96362
-1.52588;-2.13623;0.06104
0.12646;0.20850;-0.97461
-3.23486;1.34277;0.30518
0.16284;0.17004;-0.98560
-3.72314;3.60107;-1.28174
0.14355;0.20032;-0.96777
-5.37109;2.80762;-2.50244
0.19189;0.14746;-1.01025
-0.85449;-0.97656;-4.57764
0.13977;0.16235;-0.95642
-4.88281;-5.06592;1.40381
0.19189;0.14075;-0.99915
-2.01416;-7.56836;0.24414
0.06470;0.19739;-0.97498
-8.48389;-3.78418;2.07520
0.09778;0.13318;-0.93884
-6.46973;0.24414;-1.03760
0.15930;0.14465;-1.03796
-6.16455;-0.73242;-1.34277
0.12451;0.06677;-0.89490
-5.31006;-1.52588;-1.95312
0.19604;0.13379;-1.03735
-1.89209;-5.00488;-3.11279
0.02576;0.10449;-0.95215
-4.27246;-8.54492;-4.82178
0.14734;0.10632;-1.05273
1.83105;-5.31006;-0.61035
0.02124;0.11035;-0.98596
2.80762;-1.77002;-9.70459
0.07996;0.10986;-0.97693
5.06592;2.86865;-0.97656
0.12134;0.15710;-1.00305
1.09863;7.62939;2.01416
0.12341;0.12646;-0.99817
0.61035;7.56836;1.77002
0.13904;0.14368;-1.00586
0.12207;6.53076;2.01416
0.12451;0.15637;-0.96826
2.68555;2.62451;2.80762
0.12915;0.13208;-1.00122
0.97656;-0.73242;-0.42725
0.10071;0.15393;-0.94714
2.80762;-0.24414;1.40381
0.13440;0.14709;-1.00977
2.13623;0.42725;-1.15967
0.12463;0.16003;-0.98267
-0.06104;0.85449;1.40381
0.11682;0.13721;-0.99451
-0.06104;1.70898;0.85449
0.12952;0.14368;-0.98938
0.67139;0.91553;-0.30518
0.09448;0.14917;-0.98804
1.15967;0.48828;0.42725
0.12549;0.13684;-0.98523
1.09863;0.24414;0.24414
0.10559;0.15295;-0.97693
2.19727;0.85449;-1.40381
0.12891;0.15454;-0.98865
2.74658;2.07520;-1.03760
0.11157;0.15405;-0.97705
3.23486;3.11279;-0.67139
0.13440;0.15845;-0.98047
2.62451;2.74658;-0.24414
0.12671;0.16162;-0.98877
2.99072;1.95312;-0.36621
0.14185;0.16797;-0.98914
3.96729;0.97656;-0.42725
0.11658;0.17102;-0.97339
3.05176;1.46484;-0.91553
0.11658;0.17358;-0.97632
2.13623;3.54004;0.42725
0.13611;0.17139;-0.97974
1.28174;5.49316;1.77002
0.15771;0.17188;-0.99731
0.85449;4.45557;1.83105
0.13867;0.16101;-0.97998
2.80762;2.01416;0.85449
0.13525;0.17517;-0.98096
3.78418;0.54932;-1.46484
0.14258;0.19836;-0.97644
2.80762;0.12207;-1.28174
