0.15686;0.17603;-0.96716
4.51660;0.00000;-1.22070
0.17395;0.15955;-0.98438
5.92041;-0.06104;-0.42725
0.15369;0.18152;-0.96521
5.12695;-0.48828;-0.36621
0.15271;0.19531;-0.97034
4.63867;-1.09863;-0.91553
0.15466;0.19495;-0.99109
2.38037;-0.73242;-2.86865
0.15405;0.18774;-0.97412
1.15967;0.61035;-1.40381
0.15283;0.18933;-0.97327
1.95312;0.30518;-0.79346
0.14600;0.19629;-0.97253
0.97656;0.24414;-0.36621
0.15173;0.20251;-0.98096
1.83105;0.73242;-0.73242
0.15076;0.19861;-0.97083
0.97656;1.15967;0.06104
0.14746;0.20471;-0.97803
-0.54932;1.03760;-0.79346
0.14636;0.20215;-0.97424
0.12207;2.56348;1.15967
0.16443;0.19495;-0.96997
-2.01416;2.56348;-0.54932
0.15686;0.18738;-0.97168
-0.67139;1.70898;0.73242
0.16882;0.19312;-0.96777
0.67139;-0.91553;-1.03760
0.15369;0.19946;-0.98486
0.73242;-2.56348;-1.22070
0.15381;0.20886;-0.97595
-0.00000;-3.35693;-1.58691
0.15210;0.18787;-0.97803
1.46484;-6.46973;-2.62451
0.10938;0.23450;-0.99487
1.03760;-7.69043;0.73242
0.12769;0.22009;-0.98438
3.17383;-10.37598;9.33838
0.08765;0.14270;-0.97925
3.23486;-5.24902;1.40381
0.13257;0.21326;-0.98315
6.16455;-5.06592;0.00000
0.11523;0.24548;-0.99365
1.58691;-3.78418;1.03760
0.11707;0.14307;-0.97192
1.70898;-3.23486;3.29590
0.11145;0.22253;-0.94666
1.28174;-3.54004;5.18799
0.09497;0.15796;-1.00037
3.05176;-4.08936;-1.46484
0.09900;0.23328;-0.97852
5.37109;-4.88281;-1.15967
0.10132;0.26001;-1.01831
6.04248;-5.31006;-3.90625
0.14319;0.25757;-1.02820
6.59180;-9.88770;-6.34766
0.09546;0.28870;-0.97095
4.88281;-15.19775;-5.73730
0.06885;0.27222;-0.98645
3.17383;-17.33398;-4.02832
-0.03503;0.20947;-0.94055
1.58691;-15.44189;0.91553
-0.05200;0.21729;-0.89136
1.83105;-10.25391;12.69531
-0.07153;0.23596;-0.89490
-0.48828;-3.11279;6.53076
-0.09473;0.17371;-0.91736
-1.52588;4.45557;1.28174
-0.03040;0.22522;-0.93225
0.30518;11.23047;2.68555
0.00867;0.23792;-0.94678
-1.46484;15.99121;-3.05176
0.01038;0.24451;-0.96277
-1.28174;18.55469;0.18311
0.07422;0.21973;-0.98279
-2.56348;21.30127;3.29590
0.07227;0.21777;-0.98181
-2.31934;16.05225;3.11279
0.11719;0.23914;-0.98206
-2.38037;18.92090;5.49316
0.19202;0.20728;-0.99719
-2.50244;17.76123;2.50244
0.15564;0.25525;-1.01306
-1.22070;10.68115;2.44141
0.16199;0.27539;-0.99695
-1.52588;6.77490;-2.01416
0.14575;0.21533;-0.98352
-1.46484;4.15039;0.54932
0.15002;0.20581;-0.99280
0.79346;1.95312;0.48828
0.16699;0.24915;-0.96509
0.79346;1.28174;0.61035
0.15845;0.21497;-0.97961
0.24414;-0.18311;-0.67139
0.15015;0.21887;-0.97717
1.15967;-1.64795;-1.34277
0.16064;0.22778;-0.98181
1.95312;-3.35693;-0.12207
0.09937;0.25842;-0.98779
3.05176;-4.69971;-2.31934
0.12439;0.22766;-0.98230
2.56348;-1.34277;3.84521
0.18677;0.21423;-0.99292
3.11279;-4.27246;1.64795
0.11365;0.25244;-0.98535
3.60107;-7.81250;2.13623
0.13635;0.25195;-0.99780
3.47900;-9.46045;2.44141
0.10242;0.23584;-0.99829
4.76074;-10.68115;3.72314
0.08777;0.23022;-0.97827
3.29590;-11.84082;3.84521
0.09436;0.21692;-0.97778
1.09863;-13.24463;-3.05176
0.02527;0.23718;-0.96301
2.31934;-12.02393;-3.17383
0.02393;0.24854;-0.95654
2.31934;-7.75146;-1.64795
0.01917;0.24146;-0.95508
2.07520;-8.42285;-4.15039
0.00964;0.25208;-0.95312
2.13623;-5.67627;-1.70898
0.01465;0.26025;-0.95447
0.73242;-4.27246;-0.24414
0.00500;0.25952;-0.96643
-0.18311;-1.34277;2.62451
0.00183;0.24036;-0.96692
-0.54932;-1.95312;1.03760
-0.01819;0.23657;-0.94604
-0.67139;-0.97656;0.06104
-0.02734;0.22449;-0.93921
-0.24414;2.31934;0.30518
-0.01001;0.24194;-0.95593
-0.30518;4.45557;1.03760
0.01270;0.24426;-0.97351
-1.03760;7.56836;-0.36621
0.02417;0.25220;-0.95911
-1.89209;9.09424;0.24414
-0.00671;0.22192;-0.94299
-3.11279;11.96289;0.54932
0.01807;0.21960;-0.93823
-2.80762;16.41846;4.69971
0.10205;0.22437;-0.98242
-2.38037;14.77051;0.06104
0.07190;0.22913;-0.96484
-3.54004;19.71436;3.66211
0.10754;0.24414;-0.97876
-4.15039;19.04297;3.41797
0.17224;0.22351;-0.99878
-3.78418;18.67676;4.27246
0.18140;0.21460;-0.99939
-3.72314;14.22119;1.58691
0.19458;0.21277;-0.99585
-0.91553;8.54492;6.59180
0.18848;0.25647;-0.97571
-2.44141;4.27246;1.15967
0.17078;0.16577;-0.99097
-2.74658;1.83105;-3.17383
0.15222;0.21338;-0.97803
-1.40381;1.34277;-1.15967
0.15771;0.21533;-0.97266
-2.13623;1.52588;-2.19727
0.16260;0.20056;-0.98413
-1.40381;0.42725;-3.47900
0.13855;0.23022;-0.97913
-0.24414;0.42725;-0.36621
0.16626;0.18445;-0.98499
0.18311;-0.73242;-0.91553
0.15955;0.21863;-0.98096
1.95312;-2.50244;-0.91553
0.15930;0.20154;-0.97949
2.25830;-3.23486;-1.28174
0.17102;0.22559;-1.00061
2.56348;-4.76074;-1.58691
0.14624;0.23022;-0.98352
3.11279;-7.08008;-3.54004
0.14856;0.20667;-1.00208
4.21143;-10.49805;-2.01416
0.10852;0.21924;-0.98547
4.15039;-12.81738;-2.19727
0.11084;0.23169;-0.98401
4.57764;-13.73291;-0.79346
0.04150;0.21765;-0.96802
3.35693;-12.45117;-5.00488
0.01733;0.23547;-0.95459
3.05176;-8.42285;2.13623
0.06592;0.22839;-0.96875
2.25830;-6.89697;2.07520
0.04749;0.22180;-0.96924
1.03760;-5.55420;-1.46484
0.04736;0.23401;-0.98914
2.19727;-5.12695;0.73242
0.05115;0.23950;-0.97229
2.07520;-4.88281;0.97656
0.02917;0.23242;-0.97595
1.58691;-5.49316;-0.79346
0.02844;0.23474;-0.99377
2.01416;-4.82178;1.40381
0.04395;0.24573;-0.95850
1.70898;-3.78418;0.18311
0.00183;0.24207;-0.95154
1.09863;-4.15039;-0.48828
-0.01648;0.23413;-0.94568
0.12207;-1.77002;0.00000
-0.01819;0.23462;-0.94812
0.24414;1.34277;2.31934
0.00525;0.23584;-0.97375
-0.24414;2.56348;2.80762
-0.01880;0.22607;-0.96350
-0.79346;3.66211;0.30518
-0.03503;0.21167;-0.92126
-0.48828;6.53076;0.91553
-0.01074;0.23022;-0.93506
-1.03760;11.35254;-0.73242
0.00781;0.21472;-0.95300
-2.31934;15.68604;-2.86865
0.04492;0.20850;-0.95068
-4.63867;18.37158;-0.73242
0.07727;0.24390;-0.98486
-4.82178;21.78955;1.15967
0.10156;0.22961;-0.98267
-5.37109;23.68164;0.85449
0.13501;0.21692;-1.01160
-5.49316;21.36230;1.09863
0.16943;0.23816;-0.98303
-3.11279;19.22607;6.04248
0.19397;0.20007;-0.98694
-3.84521;15.07568;2.31934
0.17761;0.19177;-0.99951
-1.64795;9.15527;0.85449
0.18762;0.21228;-0.97180
-0.18311;5.43213;3.29590
0.19055;0.18127;-0.98193
0.61035;1.28174;-1.77002
0.15808;0.18970;-0.95239
-1.03760;-1.52588;-5.24902
0.19128;0.20715;-1.00195
1.83105;0.48828;0.36621
0.16797;0.23438;-0.97339
-0.91553;2.38037;-0.79346
0.18701;0.18140;-0.98169
-0.36621;1.03760;-0.61035
0.16455;0.20239;-0.96753
1.46484;-0.85449;0.18311
0.19116;0.19873;-0.98621
2.80762;-3.90625;-1.15967
0.17065;0.21704;-0.98523
4.15039;-5.55420;-2.13623
0.16626;0.22473;-0.97742
3.35693;-3.66211;0.61035
0.16699;0.19897;-0.98914
5.55420;-7.01904;0.42725
0.16675;0.27026;-0.99231
5.85938;-10.68115;0.24414
0.16309;0.23792;-1.01282
5.24902;-12.39014;-1.83105
0.11816;0.24316;-0.96875
5.37109;-13.18359;-0.79346
0.09216;0.22754;-0.96558
3.96729;-12.69531;-1.28174
0.08569;0.20215;-0.98792
4.45557;-14.89258;-0.79346
0.06104;0.26318;-0.97632
5.00488;-14.70947;-0.24414
0.06616;0.26160;-0.96899
3.54004;-13.42773;-2.99072
0.01880;0.23450;-0.96387
3.05176;-13.00049;-2.74658
0.00964;0.25513;-0.96082
1.95312;-11.35254;-0.12207
-0.00232;0.26306;-0.94153
1.22070;-5.92041;-0.06104
-0.02478;0.24194;-0.94531
0.85449;-4.69971;-1.89209
-0.04285;0.24622;-0.94275
-0.42725;-0.42725;1.40381
-0.02246;0.24719;-0.95300
-1.03760;0.42725;1.03760
-0.03296;0.23914;-0.95825
-2.01416;2.80762;4.33350
-0.00757;0.24133;-0.97253
-2.31934;5.24902;4.45557
-0.06238;0.22009;-0.91003
-3.17383;6.59180;0.79346
-0.00842;0.22583;-0.95508
-2.50244;10.62012;2.44141
0.00549;0.23071;-0.95325
-2.50244;14.64844;0.48828
0.02686;0.22046;-0.96277
-2.99072;15.50293;-0.91553
0.07922;0.21545;-1.00305
-2.31934;18.12744;2.38037
0.10754;0.23596;-0.98425
-3.84521;18.73779;0.24414
0.08154;0.23157;-0.96729
-4.33350;19.95850;-0.42725
0.10950;0.20044;-0.97546
-4.39453;20.93506;-0.73242
0.14441;0.22693;-0.98450
-3.29590;21.48438;4.08936
0.18250;0.22034;-1.00366
-3.96729;17.76123;-0.12207
0.20459;0.22559;-0.99512
-3.66211;11.16943;0.30518
0.21606;0.22083;-0.98938
-1.22070;7.08008;0.97656
0.18164;0.19983;-0.98523
-1.03760;2.62451;-1.34277
0.19580;0.19592;-0.98352
1.34277;0.42725;0.36621
0.18250;0.20764;-0.95959
0.18311;0.73242;-1.28174
0.17395;0.19104;-0.98303
0.42725;2.19727;0.06104
0.18555;0.21631;-0.96436
0.61035;4.15039;2.01416
0.19104;0.19324;-0.98792
0.61035;-0.48828;-0.54932
0.20520;0.19006;-0.97644
3.35693;-3.17383;-1.58691
0.22876;0.19177;-0.99939
5.18799;-6.22559;-2.31934
0.17700;0.24109;-0.99463
6.10352;-10.43701;-1.22070
0.17859;0.21973;-0.97253
6.16455;-12.75635;-4.21143
0.11731;0.20679;-0.98621
4.76074;-14.03809;-4.39453
0.12537;0.24939;-0.96985
5.00488;-10.13184;1.58691
0.12610;0.23694;-0.99463
3.41797;-12.20703;-2.31934
0.12537;0.24097;-0.98230
3.11279;-13.00049;-3.54004
0.08655;0.23792;-0.97034
2.44141;-12.51221;-3.66211
0.06335;0.23401;-0.97144
2.19727;-11.96289;-2.92969
0.04468;0.23962;-0.95959
2.19727;-10.98633;-1.95312
0.04663;0.25391;-0.97449
1.83105;-10.37598;-2.13623
0.02319;0.25586;-0.96228
0.79346;-9.39941;0.85449
0.01819;0.25952;-0.96484
-0.48828;-8.05664;4.39453
-0.00146;0.24829;-0.95789
-0.91553;-7.44629;4.51660
-0.02039;0.22852;-0.96960
-0.54932;-6.77490;4.33350
-0.03552;0.21973;-0.95618
-0.73242;-4.39453;4.02832
-0.01624;0.24646;-0.95557
-0.67139;-2.56348;-0.79346
-0.03967;0.22998;-0.94714
-0.85449;0.06104;-0.73242
-0.00708;0.25000;-0.97241
-1.46484;1.58691;2.50244
-0.02454;0.22522;-0.95862
-2.07520;2.62451;-0.30518
-0.03833;0.23279;-0.93799
-1.70898;4.76074;1.52588
-0.03528;0.21484;-0.93726
-1.77002;10.55908;-5.49316
-0.06750;0.17090;-0.93237
-2.50244;17.82227;-5.43213
0.07654;0.23291;-1.00037
-1.40381;19.59229;-0.97656
0.06067;0.21765;-0.95679
-3.66211;24.04785;0.91553
0.13623;0.21240;-1.03894
-4.88281;20.93506;4.39453
0.11963;0.20911;-1.01929
-2.44141;19.22607;6.53076
0.13733;0.25000;-0.96423
-2.25830;19.71436;6.71387
0.16858;0.18579;-0.99365
-3.05176;16.23535;-2.80762
0.11768;0.19629;-0.98352
-1.64795;13.54980;2.44141
0.21375;0.23938;-0.97839
-1.22070;7.93457;2.13623
0.18250;0.18347;-1.01099
-1.28174;2.86865;-5.00488
0.18372;0.23010;-0.97693
0.54932;2.25830;0.12207
0.15955;0.19446;-0.96704
-1.64795;3.17383;-2.99072
0.15930;0.20776;-0.97803
-0.79346;3.60107;-0.06104
0.17664;0.16882;-0.98413
-0.67139;3.72314;-2.56348
0.17078;0.21667;-0.97900
1.28174;2.92969;1.64795
0.19006;0.18884;-0.97791
2.86865;-0.79346;0.73242
0.19946;0.21179;-1.01758
6.04248;-9.15527;-3.29590
0.18677;0.22266;-1.00610
8.42285;-10.98633;2.50244
0.18555;0.24170;-0.99207
9.27734;-18.79883;-2.74658
0.12183;0.23328;-0.98462
6.89697;-18.06641;-4.45557
0.11230;0.23950;-0.97522
5.98145;-16.29639;-2.50244
0.08069;0.22546;-1.00391
5.85938;-16.47949;-5.55420
0.06580;0.24561;-0.96423
5.12695;-16.41846;-2.44141
0.05627;0.27112;-0.97095
4.51660;-14.89258;-2.56348
0.01831;0.25452;-0.95984
2.56348;-14.09912;-0.79346
0.00696;0.25659;-0.95410
1.15967;-12.57324;1.46484
-0.03137;0.24207;-0.95129
0.24414;-10.37598;2.01416
-0.02551;0.24768;-0.94580
-1.03760;-8.05664;2.13623
-0.02954;0.25574;-0.94348
-0.54932;-5.37109;1.03760
-0.03345;0.25183;-0.96350
-0.54932;-4.02832;0.73242
-0.02869;0.24170;-0.96814
-1.03760;-2.74658;0.18311
-0.02063;0.24487;-0.98169
-0.42725;-2.50244;-0.73242
-0.10315;0.23364;-0.91711
-0.54932;0.61035;-2.07520
-0.08569;0.23608;-0.92712
-1.03760;5.49316;0.30518
-0.04797;0.23962;-0.95227
-2.01416;11.23047;0.06104
-0.03491;0.24744;-0.94019
-1.15967;16.41846;5.18799
0.01526;0.21667;-0.99170
-2.62451;19.28711;3.72314
0.04102;0.18701;-0.97314
-3.72314;19.47021;1.64795
0.06042;0.25269;-0.98474
-1.15967;19.95850;5.06592
0.09705;0.24756;-0.96436
-2.99072;20.69092;-1.03760
0.04517;0.21985;-0.99109
-3.60107;23.07129;-1.64795
0.12317;0.25342;-0.98035
-3.84521;26.24512;7.20215
0.16748;0.21667;-1.01025
-6.53076;21.78955;2.07520
0.20471;0.23450;-1.01184
-4.57764;15.62500;4.51660
0.21606;0.21631;-0.97339
-3.78418;7.62939;-0.97656
0.17383;0.18835;-0.98926
-0.91553;4.08936;0.24414
0.17896;0.20911;-0.96936
0.06104;1.52588;-0.30518
0.17834;0.20044;-0.97302
0.36621;0.36621;-1.15967
0.17712;0.20862;-0.97974
1.83105;0.24414;1.77002
0.20435;0.21045;-0.97485
2.38037;-3.17383;-0.30518
0.18774;0.21484;-0.99048
3.78418;-7.01904;-0.73242
0.19263;0.22314;-0.98254
4.39453;-11.47461;-3.41797
0.16370;0.23267;-0.98779
5.55420;-16.66260;-4.33350
0.14050;0.22900;-0.99390
5.18799;-15.19775;-1.64795
0.10315;0.23022;-0.98022
4.63867;-16.84570;-2.19727
0.08081;0.23987;-0.97888
4.02832;-13.54980;-0.12207
0.03918;0.20264;-0.97620
2.74658;-11.96289;-1.58691
0.06396;0.24255;-0.97339
3.11279;-11.53564;1.64795
0.05420;0.24341;-0.98547
2.74658;-11.29150;-1.40381
0.04724;0.24561;-0.97461
2.19727;-10.92529;-2.56348
0.02734;0.25427;-0.97656
2.01416;-10.86426;-1.77002
-0.00037;0.25085;-0.96387
1.77002;-9.46045;-0.73242
0.00549;0.24548;-0.95679
0.91553;-6.28662;1.34277
-0.01001;0.24670;-0.96631
0.67139;-6.46973;0.48828
-0.03015;0.23413;-0.96545
0.30518;-5.00488;-0.67139
-0.04797;0.23584;-0.93750
0.73242;-2.74658;-0.24414
-0.06348;0.23413;-0.93396
0.48828;-0.61035;-0.85449
-0.06140;0.23291;-0.94995
0.42725;2.80762;0.79346
-0.03735;0.25732;-0.94141
-0.61035;6.46973;-1.22070
-0.02185;0.24133;-0.95703
-2.01416;10.49805;0.97656
-0.01477;0.24231;-0.96021
-2.44141;13.73291;1.15967
0.02649;0.24792;-0.97095
-2.44141;15.25879;1.09863
0.04907;0.20508;-0.99084
-1.64795;16.41846;0.42725
0.02881;0.20703;-0.96350
-1.64795;15.80811;0.18311
0.05017;0.25024;-0.96680
-2.44141;18.06641;6.16455
0.07605;0.22949;-0.96997
-3.84521;20.01953;2.31934
0.12903;0.23181;-1.00012
-2.44141;21.72852;6.83594
0.14771;0.21643;-0.97119
-4.21143;19.53125;2.19727
0.16174;0.20605;-1.00195
-4.02832;16.11328;3.17383
0.19873;0.25220;-0.98071
-3.17383;9.88770;4.88281
0.19226;0.25195;-1.00977
-1.34277;5.49316;-0.06104
0.18433;0.22900;-0.97070
-2.07520;3.84521;0.18311
0.16248;0.17517;-0.97681
0.12207;0.42725;0.12207
0.17297;0.20752;-0.98438
0.91553;-1.83105;-1.40381
0.19629;0.22021;-0.98145
3.96729;-3.54004;2.68555
0.18958;0.20654;-1.01172
4.45557;-8.11768;-2.68555
0.16833;0.24365;-1.00488
6.83594;-13.30566;0.24414
0.14697;0.23730;-0.98804
5.24902;-16.41846;-2.99072
0.11853;0.22827;-0.98816
5.31006;-16.29639;-1.95312
0.07349;0.23438;-0.95898
4.45557;-15.38086;-2.92969
0.05872;0.20642;-0.98474
4.08936;-13.54980;-3.90625
0.03320;0.23242;-0.95129
3.90625;-11.84082;-1.09863
0.03198;0.26074;-0.95630
3.11279;-8.85010;-3.29590
0.03577;0.25061;-0.97461
2.01416;-6.89697;-2.07520
0.02222;0.26538;-0.96655
1.70898;-6.04248;0.61035
0.03064;0.24329;-0.99255
0.73242;-5.98145;-1.22070
0.00671;0.25500;-0.96521
1.15967;-6.40869;1.09863
0.01123;0.24487;-0.98083
0.85449;-6.89697;-0.48828
-0.01831;0.24658;-0.95972
1.83105;-5.79834;0.18311
-0.04663;0.24585;-0.94482
1.46484;-2.56348;-0.18311
-0.06506;0.24365;-0.93079
0.73242;-1.28174;-1.58691
-0.01331;0.26428;-0.96851
0.48828;0.91553;1.28174
-0.05457;0.24951;-0.94666
-1.28174;3.35693;-1.15967
-0.03284;0.24597;-0.94543
-1.64795;6.65283;0.61035
-0.03284;0.23181;-0.96558
-1.70898;9.64355;-0.67139
0.01184;0.25891;-0.96545
-1.77002;12.26807;1.15967
0.02808;0.24280;-0.99426
-0.73242;12.81738;0.85449
0.05396;0.24475;-0.98572
-1.77002;11.96289;1.09863
0.04968;0.24341;-0.97400
-1.70898;12.02393;2.19727
0.05542;0.23230;-0.98596
-1.70898;11.71875;2.38037
0.06897;0.24512;-0.97388
-2.07520;10.98633;2.80762
0.07861;0.23828;-0.97974
-1.40381;11.53564;2.86865
0.09192;0.23645;-0.97656
-1.58691;11.16943;2.68555
0.10327;0.23218;-0.97693
-1.22070;11.10840;2.50244
0.12390;0.24512;-0.97900
-1.03760;10.80322;3.23486
0.09839;0.22095;-0.96582
-1.95312;9.58252;0.12207
0.13025;0.21863;-0.98669
-1.70898;9.39941;1.09863
0.11316;0.20117;-0.96252
-1.34277;9.76562;3.54004
0.14539;0.22168;-0.98486
-1.40381;7.99561;3.54004
0.16260;0.26990;-0.95190
-2.80762;7.75146;0.97656
0.15637;0.20081;-0.98877
-2.80762;8.17871;-0.24414
0.16699;0.21375;-0.97571
-2.25830;6.95801;1.09863
0.18518;0.21497;-0.98059
-2.19727;5.12695;-0.12207
0.17786;0.21484;-0.97534
-1.95312;2.62451;-1.46484
0.17639;0.20447;-0.97388
-1.28174;2.44141;-0.24414
0.17920;0.19800;-0.97803
-0.36621;0.12207;-0.85449
0.19507;0.19080;-0.98621
2.68555;-1.89209;1.15967
0.21741;0.21106;-1.01184
5.12695;-8.78906;-3.29590
0.17078;0.24414;-0.98132
5.31006;-10.62012;-0.42725
0.14771;0.23218;-1.00488
6.22559;-14.16016;-3.23486
0.10974;0.23889;-0.96021
5.49316;-12.87842;0.79346
0.10229;0.22754;-0.97412
5.12695;-12.39014;-1.70898
0.09558;0.24707;-0.96143
4.21143;-14.40430;-4.21143
0.06836;0.23755;-0.96997
3.78418;-9.27734;-3.11279
0.10620;0.24695;-0.98682
3.35693;-9.03320;-1.95312
0.07153;0.27136;-0.98401
2.19727;-10.86426;-2.44141
0.06506;0.23572;-0.99036
1.83105;-11.77979;-1.28174
0.03711;0.24097;-0.96912
1.52588;-11.53564;-1.15967
-0.00342;0.24536;-0.95081
1.70898;-10.62012;-4.02832
-0.00073;0.24329;-0.96533
2.56348;-7.69043;-3.29590
-0.01160;0.26233;-0.95337
2.01416;-5.43213;-1.52588
-0.01477;0.26001;-0.96594
1.09863;-4.76074;-0.54932
-0.01184;0.26245;-0.96509
-0.06104;-3.78418;1.77002
-0.01208;0.24670;-0.98413
-0.54932;-2.07520;2.25830
-0.00769;0.25342;-0.97070
-0.24414;-3.60107;0.06104
-0.03076;0.26538;-0.95569
0.12207;-3.84521;0.30518
-0.05884;0.24097;-0.94385
1.22070;-2.01416;-0.85449
-0.06055;0.23145;-0.95642
1.22070;-0.24414;-1.70898
-0.02600;0.27332;-0.96497
1.22070;2.01416;1.03760
-0.02722;0.26208;-0.96460
-0.12207;3.35693;-0.30518
-0.02197;0.25354;-0.97046
-0.54932;3.72314;0.48828
-0.04529;0.25134;-0.95288
-1.46484;5.18799;0.00000
-0.02124;0.24548;-0.96887
-1.09863;7.44629;1.09863
-0.01965;0.25159;-0.96228
-1.58691;9.46045;0.67139
-0.00024;0.23315;-0.96973
-1.70898;10.86426;1.09863
0.01929;0.24976;-0.96643
-2.50244;12.20703;0.97656
0.00183;0.22290;-0.95813
-3.47900;13.91602;-0.36621
0.01465;0.21814;-0.95703
-3.23486;15.86914;2.19727
0.05408;0.21875;-0.97046
-3.23486;18.31055;1.03760
0.08838;0.24487;-0.96606
-3.35693;21.05713;1.70898
0.09473;0.25281;-0.98242
-6.40869;21.78955;-0.42725
0.13525;0.21814;-0.99316
-5.79834;22.33887;2.62451
0.15918;0.20288;-0.99976
-5.24902;19.28711;4.57764
0.18799;0.22571;-1.00049
-4.69971;14.58740;2.99072
0.21680;0.21558;-0.99353
-3.54004;9.39941;2.31934
0.19324;0.20459;-0.98840
-1.95312;5.49316;1.34277
0.18359;0.19507;-0.98706
-0.67139;1.40381;-0.30518
0.17761;0.19836;-0.97461
1.15967;-1.03760;-0.06104
0.17834;0.19543;-0.98621
1.89209;-2.07520;-0.54932
0.17542;0.20618;-0.97913
3.05176;-3.41797;-1.22070
0.16772;0.21729;-0.97375
3.05176;-4.27246;-2.31934
0.13782;0.20361;-0.98169
2.19727;-3.96729;-2.38037
0.16516;0.21826;-0.98242
3.29590;-3.96729;0.48828
0.15918;0.20752;-0.99414
3.72314;-7.75146;-0.61035
0.15686;0.22119;-0.99304
4.82178;-10.68115;-0.36621
0.13757;0.22717;-0.98767
5.31006;-14.09912;-3.23486
0.11951;0.24341;-0.97205
4.27246;-15.25879;-1.34277
0.09216;0.23022;-0.97693
3.72314;-14.89258;-2.31934
0.05054;0.21411;-0.99597
3.90625;-15.44189;-2.31934
0.05786;0.24097;-0.98291
3.60107;-14.77051;-2.38037
0.02759;0.24744;-0.96069
3.29590;-12.93945;-2.62451
0.01636;0.24487;-0.96362
2.31934;-11.71875;-1.89209
-0.01208;0.23511;-0.96216
0.42725;-9.21631;-1.40381
-0.00830;0.25024;-0.96204
-0.06104;-7.56836;2.99072
-0.00330;0.24609;-0.96973
0.91553;-5.37109;0.42725
-0.02332;0.24207;-0.95862
-0.24414;-4.63867;0.67139
-0.01550;0.24255;-0.98071
0.18311;-3.60107;0.79346
-0.00598;0.25134;-0.98035
0.61035;-3.35693;1.52588
-0.03601;0.22888;-0.96533
0.48828;-2.99072;-0.73242
-0.05371;0.24329;-0.95032
0.24414;-2.13623;1.95312
-0.09363;0.22009;-0.92737
-0.36621;1.03760;0.00000
-0.06226;0.24084;-0.94861
0.12207;3.84521;1.15967
-0.01807;0.25500;-0.97632
0.06104;7.20215;1.64795
-0.00940;0.24792;-0.97034
-0.79346;7.69043;0.73242
0.00208;0.24597;-0.98230
-0.91553;8.23975;2.86865
-0.00903;0.23132;-0.96899
-0.73242;8.11768;0.67139
-0.01038;0.22681;-0.96765
-0.42725;9.64355;1.70898
0.00696;0.24365;-0.98596
0.54932;11.10840;1.52588
0.02930;0.22400;-0.96680
0.85449;14.70947;6.16455
0.01562;0.24255;-0.95947
-2.68555;14.58740;-2.01416
0.05005;0.21399;-0.97644
-2.99072;17.02881;4.63867
0.07874;0.22351;-0.96899
-3.23486;17.82227;2.86865
0.09692;0.22791;-0.97668
-2.01416;19.59229;4.21143
0.13135;0.22864;-0.96558
-3.41797;20.08057;0.85449
0.12927;0.24036;-1.00049
-2.44141;19.89746;2.86865
0.17053;0.24011;-0.98950
-3.84521;19.53125;5.31006
0.19653;0.20667;-0.97900
-5.31006;16.41846;5.18799
0.20862;0.19861;-0.98645
-4.27246;12.14600;1.95312
0.22974;0.21387;-0.98645
-3.11279;6.95801;0.30518
0.21570;0.20227;-0.97314
-1.34277;2.80762;-0.97656
0.19763;0.18262;-0.98083
0.06104;-0.06104;-1.28174
0.20044;0.20337;-0.96875
0.73242;-0.73242;-0.67139
0.19104;0.19470;-0.96667
1.03760;-0.42725;-0.24414
0.20483;0.20312;-0.97290
1.89209;-2.44141;-2.38037
0.19275;0.20349;-0.97827
2.86865;-2.92969;-0.85449
0.19727;0.21875;-0.98035
4.08936;-4.69971;-0.36621
0.19141;0.22534;-0.98975
4.15039;-7.20215;-0.24414
0.18481;0.21667;-0.98328
4.69971;-8.85010;0.00000
0.18127;0.21790;-0.99011
5.06592;-12.63428;-3.23486
0.13867;0.22388;-0.98694
5.55420;-16.96777;-4.88281
0.13806;0.25208;-1.00049
5.85938;-20.38574;-2.38037
0.11353;0.23352;-0.98608
4.27246;-19.16504;-4.33350
0.07739;0.23096;-0.97107
3.05176;-19.83643;-1.64795
0.05811;0.24243;-0.96228
2.38037;-18.31055;-3.78418
0.00366;0.24426;-0.94604
2.19727;-15.38086;-2.68555
-0.01172;0.23914;-0.94238
1.95312;-11.10840;-3.23486
-0.00708;0.23267;-0.97131
1.52588;-7.62939;-0.61035
-0.00964;0.25708;-0.95972
1.28174;-5.73730;-0.54932
-0.01196;0.25427;-0.96838
0.12207;-4.15039;-0.42725
-0.02380;0.24402;-0.97046
-0.30518;-3.05176;-0.30518
-0.01379;0.24622;-0.96606
-0.30518;-2.25830;-0.67139
-0.03760;0.22424;-0.96301
0.06104;-1.64795;0.06104
-0.04517;0.23230;-0.95264
0.54932;0.91553;-0.91553
-0.01074;0.25806;-0.96790
0.24414;2.44141;0.30518
-0.04517;0.23157;-0.95459
-0.42725;5.06592;-1.70898
-0.03735;0.24036;-0.93274
-1.46484;7.87354;2.01416
-0.01624;0.22559;-0.95813
-1.83105;12.08496;0.61035
-0.02539;0.19592;-0.95532
-3.54004;14.46533;0.97656
-0.06409;0.23572;-0.90149
-6.40869;18.43262;-0.54932
-0.01782;0.19543;-0.89697
-7.14111;25.51270;7.20215
0.08899;0.12463;-0.95776
-6.65283;32.65381;5.12695
0.23352;0.33936;-1.12976
-3.05176;33.93555;8.72803
0.23340;0.32837;-1.00085
-11.65771;29.11377;-4.45557
0.17627;0.11169;-0.99854
-13.48877;19.22607;9.33838
0.19727;0.14709;-0.98584
0.18311;10.98633;7.81250
0.21094;0.18164;-0.97205
1.46484;-3.17383;-0.73242
0.19482;0.17932;-0.97156
3.11279;-9.94873;-4.57764
0.15869;0.19202;-0.98865
3.23486;-11.23047;-6.95801
0.17981;0.21704;-1.01404
3.54004;-7.38525;-1.58691
0.13098;0.18347;-0.98840
3.66211;-4.69971;-2.13623
0.17676;0.22534;-0.98474
3.90625;-5.43213;-0.06104
0.13306;0.18738;-0.99353
4.08936;-7.32422;-3.90625
0.11060;0.22339;-0.97388
3.90625;-8.54492;1.28174
0.12866;0.21155;-0.99292
4.27246;-9.15527;-2.25830
0.10205;0.23950;-0.98303
4.39453;-9.21631;-0.61035
0.09045;0.22632;-0.98645
3.17383;-9.58252;-4.63867
0.06055;0.22424;-0.97668
3.29590;-11.59668;-1.58691
0.05725;0.23132;-0.97681
2.56348;-9.39941;-2.74658
0.03381;0.22449;-0.97571
2.80762;-8.97217;-1.70898
0.05957;0.24939;-0.98096
1.95312;-9.09424;-0.97656
0.00122;0.21313;-0.97717
1.28174;-8.36182;-0.97656
0.03613;0.25000;-0.98328
1.15967;-7.87354;0.67139
0.01550;0.22583;-0.97424
1.28174;-7.99561;-0.48828
0.01099;0.22986;-0.97742
1.52588;-8.42285;-1.58691
-0.00623;0.24121;-0.97253
1.64795;-8.05664;-3.35693
0.00171;0.24707;-0.98083
1.28174;-8.11768;-2.31934
-0.01746;0.24292;-0.97839
0.67139;-8.30078;-0.97656
-0.04639;0.23999;-0.96008
0.42725;-7.44629;-1.58691
-0.07117;0.22339;-0.95068
0.54932;-5.06592;-0.54932
-0.12476;0.20862;-0.92139
0.18311;-1.77002;-2.07520
-0.06079;0.24255;-0.96497
0.24414;1.28174;2.56348
-0.02893;0.25049;-0.99304
-0.61035;2.50244;-0.24414
-0.07434;0.22900;-0.94214
-2.13623;3.47900;1.28174
-0.03711;0.23474;-0.97522
-1.77002;4.88281;2.07520
-0.06323;0.21851;-0.95630
-2.19727;7.01904;1.52588
-0.03210;0.22668;-0.97583
-1.46484;9.15527;2.01416
-0.05139;0.20801;-0.93665
-2.68555;12.32910;0.85449
-0.05591;0.19238;-0.92896
-2.07520;17.02881;3.96729
-0.02258;0.20422;-0.93884
-2.07520;22.58301;0.06104
-0.04297;0.16077;-0.93030
-4.15039;28.99170;1.77002
0.07312;0.22375;-1.02368
-2.25830;32.34863;6.40869
0.11938;0.23767;-1.02295
-4.33350;30.45654;6.71387
0.24792;0.35486;-1.10938
-2.99072;17.88330;-6.34766
0.13049;0.21143;-0.98669
-10.13184;13.97705;5.85938
0.15857;0.15308;-0.98523
-2.99072;9.27734;5.12695
0.15930;0.20923;-0.98230
0.79346;1.64795;0.97656
0.18250;0.16528;-0.99023
2.01416;-3.84521;-3.41797
0.16846;0.19788;-1.00171
5.24902;-7.50732;-3.84521
0.15735;0.20947;-0.99268
5.31006;-7.01904;-3.11279
0.12463;0.20837;-0.99207
5.67627;-7.93457;-2.07520
0.09167;0.22717;-0.95410
4.21143;-7.75146;-0.61035
0.10681;0.20129;-0.99390
3.72314;-5.73730;1.52588
0.07263;0.21838;-0.97144
3.17383;-6.04248;-0.30518
0.13135;0.23413;-0.98950
3.47900;-6.04248;-1.15967
0.10693;0.23364;-0.98547
3.23486;-6.59180;-1.40381
0.08093;0.22314;-0.97083
3.05176;-7.32422;-2.19727
0.07593;0.23181;-0.98694
2.99072;-8.23975;-1.34277
0.05579;0.22192;-0.98120
2.31934;-8.42285;-1.34277
0.05798;0.23157;-0.97791
2.44141;-8.78906;-0.73242
0.02844;0.23694;-0.98047
2.38037;-7.99561;-0.79346
0.03101;0.24097;-0.96350
1.89209;-6.65283;-0.79346
0.00171;0.23425;-0.96594
1.70898;-5.12695;-1.15967
0.01587;0.24426;-0.97363
1.15967;-4.33350;-0.36621
0.00806;0.23694;-0.98132
1.52588;-4.33350;0.79346
0.01636;0.25574;-0.98108
1.22070;-4.39453;0.36621
0.00940;0.23877;-0.98621
0.54932;-4.76074;0.91553
-0.00085;0.23132;-0.97412
-1.40381;-5.31006;-1.15967
0.00146;0.24060;-0.96875
-0.12207;-5.67627;-1.09863
-0.01392;0.23975;-0.98486
0.79346;-5.37109;-2.68555
-0.04077;0.23975;-0.97058
0.48828;-3.17383;-0.36621
-0.05127;0.24768;-0.95447
0.30518;-2.68555;1.52588
-0.04590;0.23730;-0.96338
0.18311;-1.70898;-0.06104
-0.04333;0.23865;-0.96045
-0.18311;-0.42725;1.34277
-0.07031;0.21692;-0.95813
-0.30518;0.61035;-0.61035
-0.05066;0.23242;-0.96704
-1.83105;2.01416;1.03760
-0.06177;0.23743;-0.94678
-1.28174;4.45557;-1.89209
-0.09436;0.20496;-0.92615
-2.56348;8.05664;-2.86865
-0.03442;0.24414;-0.95984
-0.79346;12.26807;1.77002
-0.08447;0.20605;-0.88037
-3.72314;18.55469;-2.56348
0.03027;0.17456;-1.01001
-1.77002;21.17920;-0.73242
-0.02283;0.20630;-0.92871
-2.74658;29.41895;1.70898
0.10388;0.19617;-1.03564
-5.12695;38.08594;10.25391
0.15369;0.24719;-1.07397
-3.41797;34.66797;7.56836
0.30457;0.45300;-1.03186
-6.40869;25.32959;0.36621
0.17236;0.14453;-1.02185
-10.49805;11.29150;-0.67139
0.17786;0.15955;-0.95874
0.85449;3.84521;4.27246
0.19617;0.18127;-0.98645
4.02832;-2.99072;-2.86865
0.14819;0.22693;-0.95642
3.05176;-3.05176;-2.99072
0.16699;0.18726;-1.00220
2.38037;-3.54004;-3.60107
0.16357;0.22314;-0.97534
3.23486;-0.79346;-0.12207
0.19043;0.20190;-0.98132
3.78418;-2.86865;-0.48828
0.16577;0.22266;-0.99487
5.18799;-6.40869;-3.11279
0.14294;0.23914;-0.96423
4.39453;-9.52148;-1.46484
0.11157;0.19751;-1.00049
4.33350;-9.46045;-0.48828
0.12561;0.24097;-0.97791
4.63867;-10.43701;0.97656
0.11646;0.25439;-0.96814
2.80762;-9.94873;-0.30518
0.11377;0.22339;-0.99268
3.17383;-11.59668;-2.56348
0.05591;0.22461;-0.97485
3.47900;-11.53564;0.79346
0.08435;0.25342;-0.97327
3.23486;-11.47461;0.24414
0.03357;0.24622;-0.97278
2.50244;-10.74219;-1.70898
0.04248;0.25854;-0.95728
2.44141;-8.66699;2.86865
0.01245;0.22766;-0.96619
0.48828;-7.14111;-1.46484
0.01892;0.23926;-0.97791
0.61035;-6.77490;-0.30518
0.02112;0.25220;-0.97778
1.09863;-5.31006;0.85449
0.00781;0.24512;-0.96802
1.22070;-5.06592;-1.58691
0.01294;0.24622;-0.98291
0.73242;-5.55420;-0.36621
0.00549;0.24561;-0.98645
0.85449;-5.73730;-2.01416
-0.02197;0.25769;-0.96484
0.79346;-4.39453;0.18311
-0.01550;0.25256;-0.95801
0.12207;-3.60107;-0.48828
-0.02673;0.24585;-0.96594
-0.42725;-3.23486;1.22070
-0.03516;0.24353;-0.96729
-0.42725;-1.58691;0.91553
-0.04883;0.23865;-0.95166
-0.54932;-1.28174;0.18311
-0.06750;0.22485;-0.94556
-0.73242;0.36621;-2.56348
-0.03833;0.24146;-0.96387
-0.18311;2.56348;-0.42725
-0.03748;0.24548;-0.96106
-0.61035;4.02832;-1.70898
-0.05774;0.23096;-0.94873
-1.77002;7.01904;-3.60107
-0.03369;0.21997;-0.95288
-2.74658;10.37598;-1.89209
-0.05481;0.23511;-0.91406
-2.13623;12.69531;-0.67139
-0.04810;0.16150;-0.88184
-4.63867;16.54053;-0.61035
-0.03625;0.21985;-0.95288
-2.38037;29.66309;14.89258
0.04724;0.24756;-0.98633
-6.16455;39.36768;11.23047
0.43982;0.27734;-1.20496
-4.08936;28.80859;5.92041
0.16736;0.32922;-0.96460
-10.43701;20.56885;-0.54932
0.16833;0.07629;-1.00854
-9.33838;13.91602;8.11768
0.16431;0.19873;-0.98242
1.77002;3.47900;2.44141
0.17236;0.18115;-0.96985
1.58691;0.12207;-1.40381
0.15149;0.20630;-0.98401
3.47900;-5.06592;-5.85938
0.14209;0.21790;-0.98047
2.99072;-3.84521;-2.62451
0.16968;0.20947;-0.99182
3.29590;-3.11279;-1.28174
0.14197;0.21948;-0.97717
4.02832;-3.54004;-0.79346
0.16150;0.21082;-0.98657
3.84521;-4.82178;-2.07520
0.09326;0.22949;-0.95898
3.41797;-4.21143;-1.52588
0.12097;0.20227;-0.97400
3.05176;-5.06592;-1.40381
0.10754;0.21582;-0.99170
3.35693;-3.41797;0.42725
0.12476;0.26440;-0.97156
2.80762;-4.02832;2.19727
0.12793;0.22937;-0.99963
2.56348;-5.37109;-1.28174
0.10303;0.23535;-0.98804
2.99072;-7.62939;3.41797
0.10291;0.24194;-0.98352
3.41797;-8.54492;0.91553
0.07581;0.21680;-0.98157
3.05176;-10.07080;-2.62451
0.06726;0.23584;-0.96899
3.29590;-10.43701;-1.70898
0.04224;0.24768;-0.97400
2.99072;-9.76562;-3.72314
0.04102;0.25208;-0.97400
3.05176;-8.91113;-1.64795
0.03455;0.25403;-0.96313
1.83105;-8.66699;-1.52588
0.02283;0.25244;-0.98340
1.46484;-9.09424;-0.42725
0.01831;0.25989;-0.97119
1.28174;-8.72803;-0.54932
-0.00952;0.23596;-0.97302
1.46484;-8.05664;-1.95312
-0.02100;0.24841;-0.95264
1.22070;-6.71387;-0.91553
-0.02429;0.25452;-0.96155
0.73242;-4.76074;-0.24414
-0.04102;0.25037;-0.95520
0.18311;-3.72314;-0.36621
-0.02112;0.25635;-0.97327
-0.42725;-2.86865;0.79346
-0.01855;0.25037;-0.97644
-1.15967;-2.86865;1.09863
-0.06812;0.24390;-0.93335
-0.91553;-2.56348;-1.83105
-0.09778;0.21985;-0.92664
-0.36621;0.67139;-1.95312
-0.10840;0.22253;-0.89490
-1.64795;7.26318;-3.60107
-0.24353;0.18091;-0.79590
-5.18799;17.51709;-7.26318
-0.02307;0.23389;-0.89136
-5.24902;31.86035;7.75146
0.06799;0.18469;-0.92810
-9.52148;38.63525;8.17871
0.13062;0.31299;-1.08789
-5.61523;41.50391;8.23975
0.19824;0.32397;-1.02661
-10.19287;40.16113;11.29150
0.26807;0.23499;-1.12561
-7.75146;19.47021;-4.15039
0.18127;0.18811;-0.96387
-7.14111;12.02393;6.40869
0.20044;0.12207;-0.98462
1.52588;1.95312;0.73242
0.15527;0.22412;-0.96692
2.92969;-3.05176;-3.41797
0.15210;0.18567;-0.96960
2.62451;-2.50244;-2.99072
0.15369;0.22363;-0.97607
2.86865;-1.58691;-1.70898
0.16431;0.19873;-0.98022
1.95312;0.00000;0.54932
0.18176;0.19153;-0.98706
3.35693;-2.25830;-2.01416
0.16187;0.23401;-0.97668
3.41797;-2.56348;-1.03760
0.18298;0.19580;-0.99854
4.02832;-5.18799;-3.23486
0.12878;0.24866;-0.97498
5.18799;-7.81250;-1.28174
0.12561;0.23389;-0.96826
3.84521;-7.99561;-1.34277
0.12378;0.21399;-0.99670
4.15039;-9.70459;-1.34277
0.06470;0.23169;-0.95105
3.72314;-9.64355;-1.22070
0.09680;0.22778;-0.97095
2.86865;-7.56836;-1.58691
0.08386;0.24207;-0.97546
2.92969;-5.85938;-1.58691
0.09399;0.23889;-0.98267
2.74658;-5.92041;-0.30518
0.07715;0.24353;-0.97913
2.07520;-7.14111;-1.28174
0.07739;0.24011;-0.98401
2.31934;-7.56836;0.00000
0.05481;0.23474;-0.96936
2.74658;-7.56836;0.18311
0.05627;0.22571;-1.00439
4.08936;-9.64355;-0.97656
0.03918;0.26660;-0.96948
4.27246;-10.37598;-0.48828
-0.00500;0.26819;-0.94263
2.80762;-8.60596;-3.90625
-0.01514;0.24902;-0.95605
1.89209;-6.28662;-1.46484
0.00452;0.26807;-0.97119
1.58691;-4.63867;0.97656
0.00476;0.27698;-0.97363
0.91553;-4.39453;1.15967
-0.00220;0.26184;-0.96948
0.97656;-4.45557;0.30518
-0.00635;0.24316;-0.96875
1.15967;-2.99072;1.22070
-0.03406;0.24744;-0.96130
1.46484;-4.69971;-0.24414
-0.02661;0.26782;-0.95325
1.52588;-3.78418;0.30518
-0.06189;0.25488;-0.94238
-0.18311;-2.44141;-2.13623
-0.04785;0.26111;-0.95312
-0.12207;-0.67139;-0.61035
-0.00708;0.29395;-0.95447
-0.12207;1.52588;0.91553
-0.14514;0.20642;-0.89319
-4.15039;5.98145;-6.04248
-0.08887;0.19812;-0.91040
-3.84521;11.90186;1.40381
-0.10974;0.20410;-0.85132
-7.01904;19.28711;-7.44629
-0.03931;0.19727;-0.94507
-6.04248;31.49414;6.95801
0.10315;0.25085;-1.04346
-10.49805;37.10938;5.85938
0.12097;0.22839;-0.96387
-10.98633;41.99219;11.23047
0.22937;0.27881;-1.14587
-4.82178;33.20312;6.34766
0.22400;0.31616;-0.97119
-6.59180;19.77539;3.54004
0.22876;0.07593;-1.00964
-5.85938;7.01904;3.17383
0.15576;0.22913;-0.95215
3.29590;1.52588;4.15039
0.18933;0.16211;-0.98486
1.95312;-1.40381;-2.31934
0.15137;0.24133;-0.96753
3.47900;-2.86865;-1.64795
0.18066;0.19348;-0.99927
2.19727;-2.80762;-2.56348
0.14575;0.22681;-0.96716
3.35693;-2.25830;0.36621
0.15271;0.21143;-0.98193
3.29590;-1.03760;-0.42725
0.14099;0.23877;-0.98523
3.54004;-3.96729;-0.30518
0.14734;0.23303;-0.97778
2.92969;-4.94385;-2.44141
0.15344;0.22058;-0.99487
3.54004;-6.34766;0.06104
0.13977;0.23694;-0.99365
3.60107;-9.21631;-1.15967
0.12463;0.24451;-0.97046
3.54004;-10.13184;0.79346
0.11401;0.20984;-0.96875
3.66211;-13.42773;-3.78418
0.07080;0.23792;-0.96582
3.23486;-10.43701;1.22070
0.08374;0.23340;-0.96667
2.44141;-9.27734;-2.44141
0.05432;0.23254;-0.97803
2.80762;-8.30078;-1.28174
0.06470;0.25854;-0.97021
2.25830;-7.75146;-0.48828
0.04700;0.23792;-0.97815
2.07520;-7.62939;-2.19727
0.05261;0.24658;-0.98755
2.38037;-8.36182;-0.97656
0.03064;0.24719;-0.97314
2.38037;-9.27734;-0.67139
0.02222;0.26257;-0.96912
2.25830;-8.97217;-1.40381
-0.00562;0.24768;-0.96082
2.31934;-8.36182;-0.54932
-0.01392;0.25378;-0.96631
1.83105;-6.71387;-0.97656
-0.01575;0.26196;-0.95776
1.40381;-5.06592;0.24414
-0.01794;0.25208;-0.97241
0.67139;-4.39453;0.36621
-0.02551;0.26074;-0.96277
0.12207;-3.90625;-0.24414
-0.02063;0.25732;-0.96619
0.54932;-2.86865;0.61035
-0.08118;0.23474;-0.92737
0.24414;-1.58691;-1.52588
-0.07410;0.24133;-0.93811
0.42725;1.34277;-0.36621
-0.04053;0.25293;-0.95984
0.12207;4.88281;-1.70898
-0.03625;0.26526;-0.95032
-0.91553;7.08008;-0.79346
-0.01831;0.25293;-0.96826
-1.83105;8.85010;0.97656
-0.03052;0.23914;-0.96057
-2.68555;10.31494;0.30518
0.00598;0.24133;-0.96790
-2.74658;11.90186;0.54932
0.00684;0.21753;-0.97217
-3.17383;14.22119;0.73242
0.00989;0.24304;-0.95203
-2.56348;17.27295;4.39453
0.00415;0.23291;-0.91235
-5.92041;21.97266;1.52588
0.06384;0.19934;-0.98145
-5.85938;25.63477;5.61523
0.05042;0.24609;-0.92847
-6.46973;28.13721;5.18799
0.23547;0.15991;-1.06018
-7.99561;26.30615;4.08936
0.26990;0.31030;-1.06018
-6.59180;22.76611;4.88281
0.23840;0.22876;-1.00049
-8.11768;18.67676;1.15967
0.21448;0.13428;-0.98547
-2.86865;8.72803;4.76074
0.21313;0.17505;-0.97168
3.54004;-0.48828;0.48828
0.20068;0.19629;-0.98254
5.00488;-6.71387;-3.96729
0.19580;0.21558;-0.98291
6.53076;-9.03320;-2.74658
0.14514;0.22119;-1.00537
4.02832;-9.39941;-4.51660
0.15503;0.23425;-0.97766
5.79834;-7.44629;0.48828
0.17407;0.22632;-0.98999
4.39453;-12.69531;-3.66211
0.10034;0.21973;-0.97095
3.78418;-12.45117;-0.18311
0.13184;0.22693;-0.95496
3.29590;-11.59668;-0.79346
0.06885;0.22375;-0.98022
3.54004;-10.68115;-1.28174
0.08289;0.23938;-0.95374
2.86865;-8.36182;0.61035
0.07886;0.22888;-0.98083
1.77002;-7.50732;0.12207
0.05066;0.21655;-0.97510
1.77002;-7.38525;-0.24414
0.07788;0.25085;-0.97119
1.89209;-6.40869;0.61035
0.04199;0.21997;-0.96594
1.52588;-6.04248;-1.64795
0.05969;0.25708;-0.98010
2.01416;-6.22559;0.97656
0.03760;0.23474;-0.97473
1.58691;-6.10352;-2.07520
0.03918;0.24609;-0.98132
1.46484;-7.08008;-0.67139
0.03809;0.24902;-0.97986
1.70898;-7.50732;-0.36621
0.02734;0.24451;-0.97961
1.40381;-7.87354;-1.40381
0.00122;0.24609;-0.97009
1.34277;-7.75146;-1.15967
-0.00635;0.25159;-0.96680
1.15967;-6.59180;-1.46484
-0.03137;0.25269;-0.96118
0.67139;-5.92041;-2.31934
-0.02576;0.23743;-0.97119
-0.91553;-4.63867;-1.28174
-0.02698;0.24243;-0.97229
-0.85449;-3.78418;-0.91553
-0.03040;0.24622;-0.96509
-0.24414;-3.17383;-0.67139
-0.05359;0.22559;-0.96191
-0.85449;-1.89209;-1.46484
-0.07703;0.22656;-0.93286
-0.24414;0.36621;-1.89209
-0.09058;0.22522;-0.91809
-0.67139;5.43213;-2.99072
-0.06995;0.24719;-0.92590
-1.58691;9.94873;-3.78418
-0.10474;0.18140;-0.88269
-5.24902;19.40918;-4.39453
-0.00415;0.22400;-0.98694
-4.94385;24.41406;1.58691
-0.05347;0.21985;-0.86755
-7.20215;31.37207;2.74658
0.12415;0.16675;-1.04504
-5.79834;35.15625;5.18799
0.12061;0.25293;-1.02209
-1.95312;41.80908;19.77539
0.61499;0.39368;-1.25476
-1.34277;29.78516;4.45557
0.19751;0.23218;-0.96594
-9.82666;24.84131;8.11768
0.21423;0.11731;-0.97144
-1.77002;12.32910;6.77490
0.23840;0.18359;-0.97058
4.88281;-0.42725;-0.79346
0.20044;0.21118;-0.96252
3.54004;-5.24902;-4.33350
0.21155;0.19519;-0.98901
3.66211;-8.05664;-6.40869
0.19739;0.24500;-0.99646
6.40869;-7.20215;-2.25830
0.15979;0.24829;-0.99561
5.24902;-9.21631;-1.52588
0.14941;0.21838;-0.99048
4.63867;-12.32910;-3.41797
0.11560;0.21448;-0.95618
3.84521;-11.10840;-0.18311
0.13330;0.22620;-0.95337
3.66211;-10.31494;-1.89209
0.09265;0.23987;-0.96155
2.68555;-7.38525;-0.73242
0.10059;0.22546;-0.96741
2.31934;-5.31006;-1.52588
0.10413;0.23376;-0.96729
1.95312;-5.06592;0.12207
0.08179;0.24121;-0.97583
1.58691;-4.45557;-2.25830
0.11475;0.24207;-0.98218
1.70898;-4.69971;-0.18311
0.10486;0.22717;-1.00146
3.96729;-6.83594;0.79346
0.06726;0.25610;-0.97253
3.11279;-8.97217;0.12207
0.06812;0.25378;-0.97461
2.56348;-9.33838;-2.68555
0.03210;0.23792;-0.98828
2.31934;-9.39941;-2.50244
0.07825;0.26428;-0.97546
2.07520;-10.25391;-1.34277
0.02124;0.25159;-0.97498
1.09863;-10.49805;-3.29590
-0.00684;0.26794;-0.94897
0.42725;-9.33838;-3.35693
0.01611;0.24072;-0.96155
-0.12207;-7.75146;-1.58691
-0.03394;0.25928;-0.94958
-0.48828;-5.61523;-1.70898
-0.03857;0.24207;-0.95129
-0.67139;-3.72314;-0.54932
-0.02722;0.25439;-0.94812
-0.85449;-1.15967;-0.18311
-0.13879;0.21570;-0.85156
-2.99072;2.74658;-3.96729
-0.08972;0.19519;-0.91699
-3.47900;13.67188;0.73242
-0.05481;0.21936;-0.87317
-4.94385;23.62061;-1.70898
0.09021;0.22705;-1.03735
-3.29590;29.41895;8.36182
0.08337;0.26392;-0.97681
-5.49316;30.70068;4.15039
0.13000;0.16809;-0.95386
-6.77490;32.89795;3.60107
0.13147;0.20361;-1.05103
-3.66211;30.09033;7.08008
0.23511;0.35803;-1.01477
-4.45557;26.67236;7.32422
0.26111;0.19080;-1.04993
-5.61523;15.44189;-4.02832
0.18140;0.20337;-0.96155
-2.86865;11.47461;3.66211
0.21008;0.16467;-0.97083
1.95312;3.35693;2.13623
0.20837;0.22058;-0.97668
3.72314;-3.41797;-2.99072
0.18262;0.19434;-0.96594
3.29590;-4.39453;-2.38037
0.20361;0.21594;-1.01831
3.66211;-8.60596;-3.60107
0.16711;0.25342;-0.96277
3.05176;-6.40869;-0.18311
0.15662;0.19824;-1.00598
1.40381;-7.38525;-2.74658
0.18689;0.27100;-0.98291
1.03760;-7.26318;0.24414
0.17114;0.21643;-1.00232
-1.09863;-7.20215;-1.28174
0.13794;0.22400;-0.96509
-0.97656;-7.38525;3.23486
0.12097;0.18286;-0.98694
-0.42725;-10.00977;-0.67139
0.11523;0.20618;-0.96887
0.36621;-12.93945;0.97656
0.12256;0.20874;-0.99097
1.46484;-13.00049;-2.31934
0.06873;0.25476;-0.94238
1.64795;-12.02393;1.28174
0.01978;0.20056;-0.95374
0.91553;-8.23975;-1.03760
0.05225;0.20898;-0.97400
0.91553;-6.22559;2.62451
0.04858;0.22754;-0.97131
-0.73242;-4.51660;-0.30518
0.05054;0.21570;-0.97534
-0.42725;-3.78418;5.55420
0.04346;0.20947;-0.97058
-1.89209;-4.57764;1.89209
-0.00085;0.19104;-0.95630
-0.73242;-3.72314;0.54932
-0.00366;0.22375;-0.93945
0.18311;-0.67139;2.68555
-0.13489;0.16516;-0.86084
-3.29590;3.84521;-1.70898
-0.05823;0.11536;-0.90613
0.67139;11.71875;5.12695
0.07556;0.20825;-0.91931
2.80762;13.54980;-2.13623
-0.09082;0.23914;-0.77563
-1.22070;15.74707;-7.93457
0.18091;0.09326;-0.99866
3.05176;14.09912;3.41797
0.40588;0.25220;-1.40527
0.30518;7.32422;3.05176
-0.04102;0.46863;-0.91077
-6.65283;1.95312;-11.29150
0.01941;0.04907;-0.96851
-8.85010;9.64355;3.72314
0.16797;0.24597;-0.98096
0.24414;13.30566;7.87354
0.12219;0.15955;-0.98035
-4.27246;3.35693;-0.12207
0.12207;0.18884;-0.98523
1.09863;0.67139;0.42725
0.13782;0.21289;-1.00037
2.07520;-3.66211;-4.08936
0.11060;0.20886;-0.98450
1.46484;-1.95312;-2.31934
0.13611;0.21436;-1.00854
1.58691;-1.89209;-0.79346
0.10205;0.22009;-0.98669
1.52588;-1.03760;2.25830
0.09717;0.19287;-0.97925
1.22070;-2.62451;0.00000
0.11987;0.20667;-0.99023
2.86865;-3.47900;1.77002
0.08325;0.21899;-0.97266
1.83105;-3.35693;0.42725
0.11230;0.21558;-0.98474
0.79346;-2.86865;0.85449
0.10547;0.20520;-0.97961
0.67139;-3.41797;1.46484
0.08691;0.23816;-1.00671
1.70898;-4.08936;2.50244
0.14771;0.16431;-1.02808
-2.13623;-8.72803;1.28174
0.05737;0.26404;-0.93384
0.54932;-12.39014;-0.85449
-0.00854;0.18506;-0.94678
0.91553;-5.67627;-2.19727
0.00537;0.19788;-0.95361
1.77002;-3.66211;1.95312
0.05444;0.24731;-0.97778
1.40381;-1.64795;3.47900
0.06470;0.19238;-1.01111
-0.61035;-1.09863;3.78418
0.07104;0.22180;-0.99182
-0.61035;-2.99072;1.77002
0.02991;0.20337;-0.96606
-1.46484;-2.86865;1.22070
0.01208;0.19897;-0.96692
-1.95312;-2.31934;1.95312
0.03857;0.20386;-0.98438
-2.74658;-3.05176;0.00000
0.00818;0.21387;-0.96594
-3.17383;-2.25830;-1.03760
-0.01917;0.18689;-0.95911
-2.92969;0.30518;-2.74658
-0.03284;0.20898;-0.94739
-3.11279;1.52588;-3.11279
-0.01904;0.21106;-0.94006
-1.03760;4.02832;-1.28174
0.04395;0.15820;-0.99890
-1.03760;4.82178;-1.40381
0.01831;0.20508;-0.95728
-0.18311;3.05176;-0.61035
-0.04150;0.19446;-0.90027
-0.54932;5.67627;-2.99072
0.06470;0.06812;-1.00977
4.39453;8.66699;-1.89209
-0.04407;0.24646;-0.74402
-4.27246;9.58252;-7.20215
0.13281;-0.03320;-1.12439
9.15527;12.20703;14.28223
0.30090;0.54419;-0.97876
3.35693;7.93457;8.85010
0.07397;-0.14636;-1.22388
0.24414;19.65332;-10.68115
0.32556;0.53772;-1.05139
4.08936;5.79834;9.03320
-0.10742;0.15735;-0.88940
-11.41357;6.53076;-8.85010
0.28979;0.18445;-1.07971
3.60107;9.15527;5.12695
0.09485;0.19910;-0.97534
-5.06592;3.54004;-2.07520
0.13208;0.11938;-1.00354
1.15967;5.24902;2.50244
0.12256;0.21924;-0.97632
-0.48828;2.44141;0.91553
0.15674;0.14709;-1.00513
1.89209;-0.97656;0.42725
0.11023;0.24500;-0.99487
1.89209;-1.70898;-2.50244
0.11841;0.18506;-1.00061
2.19727;-0.97656;-0.06104
0.11169;0.23621;-0.98901
0.91553;-2.56348;1.52588
0.10156;0.18958;-1.00049
0.30518;-1.09863;1.22070
0.12268;0.20850;-0.98486
-0.06104;-2.74658;2.74658
0.11035;0.19128;-0.96997
1.03760;-3.41797;2.86865
0.08752;0.17920;-0.98682
0.30518;-4.02832;-0.06104
0.09399;0.18640;-0.97900
-0.00000;-4.88281;-1.09863
0.08862;0.20349;-0.97949
-0.24414;-3.17383;0.85449
0.06433;0.18286;-0.96167
-0.12207;-2.99072;0.24414
0.06262;0.18030;-0.97974
0.85449;-2.01416;2.25830
0.08435;0.19519;-0.98132
1.09863;-1.77002;0.61035
0.07666;0.19739;-0.98254
0.06104;-0.91553;1.58691
0.08606;0.21021;-1.00195
-0.24414;-1.40381;1.58691
0.06982;0.19775;-0.97131
-0.61035;-1.77002;1.95312
0.08020;0.17871;-0.98523
0.24414;-1.70898;3.66211
0.06677;0.19189;-0.98145
0.06104;-2.07520;1.70898
0.05762;0.19580;-0.97510
-0.67139;-1.58691;0.48828
0.04993;0.19312;-0.97559
-0.79346;-2.01416;1.40381
0.00232;0.18042;-0.93359
-1.64795;0.12207;-2.68555
-0.02930;0.16406;-0.91699
0.06104;4.27246;-2.56348
-0.12256;0.10352;-0.84839
-1.77002;9.27734;-5.24902
0.03247;0.15881;-0.91418
3.05176;9.88770;-5.85938
0.10156;0.28784;-0.84558
2.56348;6.77490;-2.25830
-0.02856;0.02051;-0.89941
-0.54932;10.43701;-8.66699
0.52612;0.60461;-1.49561
12.57324;-5.37109;8.05664
-0.09033;0.32227;-0.85718
-14.70947;-1.52588;-12.39014
0.09558;-0.07910;-1.02795
0.24414;13.73291;1.34277
0.12109;0.35242;-0.94397
-0.24414;8.36182;-2.99072
0.10388;0.11560;-1.00110
-4.02832;4.02832;2.74658
0.14233;0.21021;-0.98779
-0.12207;3.96729;1.95312
0.12952;0.17639;-0.98120
-0.54932;0.97656;1.34277
0.12354;0.20630;-0.99402
2.80762;-1.77002;-0.79346
0.14136;0.19519;-1.00671
1.03760;-0.91553;0.42725
0.12854;0.19727;-1.00171
2.31934;0.91553;3.11279
0.11450;0.20862;-0.98230
1.46484;-0.97656;1.95312
0.11157;0.18152;-0.98938
1.95312;-0.97656;4.33350
0.08923;0.19092;-0.98706
2.31934;-1.83105;6.53076
0.11938;0.19336;-0.96936
1.52588;-2.74658;4.51660
0.12610;0.17249;-0.98303
1.89209;-1.77002;5.18799
0.12244;0.19177;-0.97815
0.36621;-2.80762;3.60107
0.10986;0.20337;-0.97412
0.54932;-2.74658;2.31934
0.08789;0.16223;-0.98328
0.12207;-1.89209;2.07520
0.11658;0.18799;-0.98706
0.30518;-2.01416;3.47900
0.08179;0.18872;-0.96948
-0.79346;-3.17383;0.12207
0.07458;0.18018;-0.97620
-0.48828;-3.29590;-0.54932
0.10901;0.21313;-0.98914
0.18311;-2.13623;1.34277
0.11768;0.20850;-1.00574
-1.28174;-1.64795;1.28174
0.08167;0.18457;-0.96887
-1.77002;-1.77002;4.94385
0.05261;0.16907;-0.96509
-2.92969;-2.99072;1.09863
0.06055;0.20471;-0.95691
-1.28174;-3.54004;1.28174
0.04565;0.17212;-0.97034
-1.09863;-1.95312;-1.34277
0.01855;0.18933;-0.94214
0.30518;0.30518;1.28174
-0.01233;0.10852;-0.96899
-0.79346;4.51660;-2.56348
0.03369;0.16467;-0.94958
1.46484;6.22559;-0.67139
0.02979;0.17688;-0.92578
0.67139;8.42285;-3.11279
0.04211;0.11389;-0.93347
6.04248;10.68115;7.01904
0.04993;0.21887;-0.82092
2.31934;9.46045;0.61035
0.06372;-0.03784;-1.09558
4.33350;19.65332;-14.03809
0.32434;0.61792;-1.20984
2.31934;-5.12695;1.46484
0.04700;0.23059;-1.02795
-9.09424;-1.40381;-11.53564
0.08533;0.08167;-0.96570
-0.91553;9.15527;6.46973
0.14062;0.17786;-0.98657
-1.15967;5.12695;-0.79346
0.12122;0.20227;-1.00024
-1.70898;0.85449;-1.64795
0.11121;0.17798;-0.98254
-1.22070;3.11279;2.31934
0.13977;0.16589;-0.98291
0.73242;0.36621;-0.36621
0.09204;0.20288;-0.97375
0.54932;-0.30518;-3.11279
0.12805;0.18530;-0.99756
0.24414;2.31934;0.30518
0.13293;0.21179;-0.99072
0.06104;2.62451;1.28174
0.12439;0.15210;-0.99011
0.85449;1.40381;-0.30518
0.13257;0.20923;-0.99316
2.56348;-0.48828;1.77002
0.11340;0.20435;-0.97742
2.31934;-1.15967;1.52588
0.11719;0.16760;-1.00684
0.85449;-1.09863;0.00000
0.12756;0.22217;-0.97485
1.70898;-0.97656;4.39453
0.12512;0.17358;-0.98120
1.58691;-0.42725;3.90625
0.11560;0.19165;-0.97046
0.91553;-0.61035;3.84521
0.10425;0.18103;-0.98950
1.22070;-1.34277;3.35693
0.12048;0.19739;-0.97742
0.48828;-2.31934;1.70898
0.09802;0.16125;-0.98547
-0.36621;-2.44141;0.54932
0.12585;0.21497;-0.98792
1.95312;-3.29590;2.31934
0.09729;0.21948;-0.96167
-0.06104;-3.23486;-0.91553
0.06323;0.15527;-0.98425
-1.03760;-3.11279;-1.28174
0.09473;0.19946;-0.97192
-0.73242;-2.07520;1.09863
0.10840;0.18250;-0.98889
-1.28174;-1.46484;1.03760
0.06689;0.18372;-0.96716
-0.97656;-2.19727;1.03760
0.08289;0.18335;-0.98425
-0.36621;-1.28174;1.83105
0.07532;0.18530;-0.97766
-0.42725;-2.07520;-0.91553
-0.00403;0.15247;-0.92493
-1.58691;0.12207;-3.60107
0.01758;0.13000;-0.94812
0.06104;2.31934;-2.74658
0.04321;0.22241;-0.94409
0.18311;2.74658;-3.90625
0.12158;0.19885;-1.00037
1.52588;3.84521;1.46484
0.04797;0.15540;-0.96167
-1.15967;3.60107;1.34277
-0.07288;0.12195;-0.83582
0.36621;7.69043;-2.80762
0.06042;0.25439;-0.83813
0.91553;8.11768;0.30518
-0.07068;-0.01904;-0.84521
3.17383;20.20264;-7.56836
0.96912;0.85510;-1.61206
13.30566;-11.71875;1.52588
0.07007;0.26697;-0.98511
-14.95361;-5.00488;-12.81738
0.10046;0.10022;-1.04431
0.85449;14.03809;3.47900
0.15588;0.24780;-0.96521
-2.19727;6.04248;-2.74658
0.11987;0.13757;-1.00244
-2.44141;1.52588;2.13623
0.12622;0.19995;-0.98303
-0.85449;1.15967;1.09863
0.12146;0.16467;-0.98108
0.61035;-1.77002;-0.79346
0.11096;0.19568;-0.99121
1.95312;-0.54932;-2.56348
0.12305;0.18518;-0.99866
0.06104;2.50244;1.28174
0.13623;0.16638;-1.00049
1.83105;2.92969;3.35693
0.13306;0.20398;-1.00720
2.99072;1.52588;0.61035
0.12537;0.19299;-0.99268
1.70898;0.54932;3.23486
0.12305;0.18677;-0.97949
1.28174;-0.97656;3.96729
0.12512;0.18420;-0.98438
2.19727;-1.22070;2.68555
0.11194;0.18530;-0.98743
1.52588;-1.03760;2.99072
0.12097;0.20496;-0.97485
1.34277;0.54932;3.17383
0.11389;0.17041;-0.97998
0.24414;-0.48828;2.44141
0.12012;0.18860;-0.98303
1.64795;-2.50244;1.89209
0.12646;0.19788;-0.97461
0.67139;-1.77002;1.09863
0.11816;0.16089;-0.99500
-0.67139;-2.07520;0.30518
0.11951;0.19653;-0.98096
-0.61035;-1.64795;0.85449
0.10059;0.18555;-0.96643
-1.34277;-1.46484;0.91553
0.09827;0.16150;-0.98157
-1.22070;-2.92969;0.24414
0.10498;0.19446;-0.97461
0.24414;-3.29590;1.95312
0.08606;0.19263;-0.97437
-0.54932;-2.99072;0.36621
0.06470;0.17236;-0.97791
-0.73242;-2.13623;0.12207
0.06921;0.18970;-0.95117
-1.52588;-0.67139;-2.74658
0.04541;0.14893;-0.96509
-0.91553;1.09863;-1.83105
0.05103;0.18982;-0.94531
1.09863;3.17383;2.86865
0.06348;0.16174;-0.95630
-1.40381;3.29590;-1.70898
0.01892;0.13733;-0.91162
-0.18311;6.46973;2.92969
0.02136;0.18335;-0.85352
5.98145;12.93945;9.46045
0.24585;0.00122;-1.03723
5.24902;8.54492;3.11279
0.08264;0.30322;-0.83374
-0.85449;6.10352;-2.13623
0.13721;0.18384;-1.19019
-2.25830;-3.29590;-6.46973
0.21997;0.37512;-1.00708
0.24414;2.86865;-7.44629
0.09644;0.06873;-1.01025
-5.98145;8.48389;-2.92969
0.14514;0.20154;-0.96399
2.62451;7.14111;1.28174
0.12695;0.17444;-0.99695
-2.25830;1.95312;-3.17383
0.14734;0.19312;-0.97644
0.73242;2.80762;1.09863
0.14673;0.16101;-0.98486
-0.36621;0.00000;-1.28174
0.13745;0.18030;-0.98425
2.19727;0.91553;-0.79346
0.12744;0.19934;-0.99780
0.67139;-0.61035;-1.22070
0.15332;0.19812;-1.00073
2.56348;-0.12207;0.61035
0.13586;0.19727;-0.99463
1.83105;2.01416;0.97656
0.12488;0.19617;-0.97961
1.58691;0.12207;2.31934
0.13538;0.18237;-0.98877
1.70898;-1.22070;0.67139
0.12317;0.19031;-0.97119
1.70898;-1.70898;1.64795
0.13098;0.19055;-0.98071
1.34277;-2.38037;0.24414
0.12207;0.19299;-0.98303
1.52588;-2.25830;1.89209
0.13354;0.19214;-0.99023
-0.54932;-1.70898;1.95312
0.12146;0.18628;-0.98340
0.18311;-1.70898;0.67139
0.12000;0.18054;-0.98145
-0.48828;-1.83105;1.52588
0.10803;0.20032;-0.96692
-0.30518;-2.99072;0.12207
0.14075;0.18872;-1.00525
-0.00000;-1.40381;-0.24414
0.10315;0.21167;-0.97375
-0.36621;-1.40381;2.74658
0.12366;0.18542;-0.98914
-1.03760;-1.09863;-0.24414
0.11035;0.18579;-0.97339
-1.22070;-2.19727;3.60107
0.09277;0.17004;-0.97412
-1.70898;-2.13623;-0.06104
0.09802;0.19678;-0.96960
-0.48828;-2.31934;1.64795
0.09375;0.16602;-0.99438
-0.42725;-2.31934;-0.18311
0.10034;0.18750;-0.98804
-0.12207;-2.68555;0.18311
0.09583;0.20178;-0.97424
-0.48828;-2.07520;2.19727
0.06055;0.15393;-0.98425
-0.36621;-0.36621;0.42725
0.05725;0.18298;-0.94495
-0.79346;0.00000;-0.18311
0.10681;0.13721;-1.00269
1.15967;2.80762;2.56348
0.08911;0.23706;-0.96375
-0.36621;1.89209;-0.91553
-0.00049;0.12976;-0.94165
-1.22070;4.69971;-1.89209
-0.07300;0.12183;-0.84460
-1.64795;8.05664;-0.91553
-0.09351;0.09253;-0.70898
3.90625;14.52637;-0.97656
0.32788;0.16467;-1.05603
12.57324;10.19287;10.07080
0.34058;0.18079;-1.08679
0.48828;2.68555;0.06104
0.39978;0.17322;-1.38147
6.89697;-6.95801;-22.15576
0.00720;0.28577;-0.89868
-5.12695;10.37598;0.18311
0.14062;0.10266;-1.00244
-0.73242;9.33838;2.80762
0.15137;0.24182;-0.96448
-1.28174;2.07520;0.91553
0.11267;0.14636;-0.98779
0.06104;0.36621;1.40381
0.15186;0.19873;-0.98315
1.40381;1.46484;-0.12207
0.12317;0.16882;-0.98193
0.36621;-1.03760;-2.74658
0.12659;0.18591;-0.99146
1.09863;1.58691;-1.64795
0.14124;0.20227;-0.99524
1.70898;2.99072;1.77002
0.13989;0.20056;-0.99133
1.83105;2.13623;-0.06104
0.13232;0.19153;-0.98572
2.07520;1.09863;0.18311
0.14709;0.21252;-1.00195
1.83105;0.00000;1.09863
0.13684;0.20007;-0.97632
1.89209;-0.06104;1.03760
0.14075;0.17029;-0.99316
1.28174;-0.85449;0.42725
0.14014;0.21118;-0.98181
1.15967;-2.25830;2.56348
0.13708;0.21143;-0.97424
0.18311;-1.28174;1.83105
0.11169;0.15967;-0.97925
-1.03760;-1.28174;0.18311
0.11487;0.21777;-0.97705
-1.28174;-1.09863;2.86865
0.13989;0.19324;-0.97839
-2.01416;-0.42725;1.46484
0.12817;0.17847;-0.97205
-2.07520;-1.03760;2.25830
0.12512;0.17358;-0.99316
-1.03760;-2.19727;1.09863
0.13245;0.20654;-0.99036
-0.85449;-2.86865;2.56348
0.10815;0.18079;-0.98669
-2.56348;-4.15039;-1.15967
0.08777;0.18848;-0.96448
-3.54004;-4.82178;0.61035
0.06091;0.16003;-0.95459
-3.84521;-3.72314;0.85449
0.05066;0.14062;-0.95557
-2.38037;-2.19727;-0.06104
0.05176;0.17749;-0.94397
0.48828;0.18311;-1.77002
0.01453;0.12378;-0.94531
-0.73242;3.66211;-3.11279
0.14197;0.17712;-1.01965
2.80762;3.54004;0.73242
0.06335;0.23035;-0.92151
-1.46484;3.47900;-2.44141
0.00732;0.03650;-0.94922
1.64795;8.54492;3.35693
-0.00439;0.18359;-0.79834
-0.12207;9.58252;-1.95312
0.22205;0.03613;-1.03308
8.72803;15.01465;6.95801
0.23083;0.46631;-0.90588
1.89209;2.92969;1.28174
0.24060;-0.05188;-1.30908
1.09863;-3.29590;-11.96289
0.18616;0.48486;-0.91248
7.50732;5.85938;3.54004
-0.01001;-0.02625;-0.93787
-5.37109;6.65283;-4.88281
0.17761;0.27637;-0.99719
7.99561;10.25391;7.38525
0.14722;0.22827;-0.96863
-4.08936;6.46973;-1.64795
0.14465;0.17383;-0.98474
1.52588;2.25830;-0.61035
0.15295;0.18152;-0.98022
1.22070;0.67139;-1.40381
0.16455;0.18091;-0.98279
2.44141;-1.77002;-2.50244
0.15112;0.18933;-0.98450
1.40381;-1.09863;-0.36621
0.14966;0.18481;-0.99524
1.83105;-1.46484;-2.01416
0.14697;0.21497;-0.98401
2.07520;1.46484;1.28174
0.14026;0.20898;-0.99426
1.28174;-1.22070;1.46484
0.14294;0.19348;-0.98645
1.03760;-2.13623;1.58691
0.13464;0.19568;-0.98901
-1.46484;-3.90625;-2.01416
0.12939;0.20972;-0.97632
0.91553;-3.41797;1.83105
0.13269;0.18811;-1.00085
0.36621;-3.29590;0.18311
0.13074;0.20642;-0.96667
-0.54932;-3.11279;2.68555
0.11633;0.17542;-0.98608
0.30518;-2.62451;2.80762
0.13928;0.21826;-0.97083
-0.12207;-3.54004;3.60107
0.13623;0.16980;-1.00391
-0.06104;-3.66211;0.73242
0.10254;0.20251;-0.97510
-1.52588;-3.17383;3.23486
0.07446;0.14490;-0.97205
-1.64795;-2.31934;-0.12207
0.10522;0.19580;-0.97424
-0.85449;-2.19727;4.51660
0.09229;0.18433;-0.96594
-2.31934;-1.89209;1.52588
0.08154;0.16235;-0.97461
-1.77002;-1.58691;4.21143
0.07458;0.16772;-0.97107
-1.83105;-0.97656;-0.30518
0.08667;0.20398;-0.94983
-0.61035;-0.18311;1.15967
0.00562;0.13647;-0.95068
-0.30518;3.05176;-1.58691
0.06641;0.15186;-0.95898
0.30518;4.94385;1.64795
0.07507;0.19250;-0.95276
0.06104;5.06592;-1.83105
0.09607;0.09131;-1.01294
3.41797;6.65283;1.52588
0.13367;0.26733;-0.93323
6.34766;7.87354;10.07080
-0.01489;0.06372;-0.89258
2.44141;14.46533;-8.66699
0.11499;0.17664;-0.95874
2.31934;7.14111;8.54492
0.08948;0.31067;-0.86475
-3.05176;14.52637;-13.30566
0.18555;0.22742;-1.11035
1.95312;-9.64355;0.30518
0.18274;0.29858;-1.02100
-5.18799;-3.78418;-11.77979
0.14893;0.15100;-1.05676
0.79346;6.89697;2.56348
0.13269;0.22803;-0.96033
-1.70898;5.12695;-4.76074
0.18774;0.16479;-1.01294
0.54932;4.82178;-0.18311
0.14355;0.17773;-0.97205
-1.89209;5.31006;2.07520
0.17883;0.14685;-0.98450
0.79346;1.46484;-0.30518
0.14209;0.19458;-0.97339
1.95312;-2.31934;-3.96729
0.15710;0.18213;-0.98596
1.64795;-2.62451;-3.17383
0.14465;0.19812;-0.99280
1.46484;-0.42725;-1.46484
0.15295;0.18420;-0.99475
1.22070;0.06104;-1.03760
0.18115;0.22510;-1.00378
1.89209;0.67139;-1.77002
0.14661;0.21448;-1.00061
2.56348;-0.12207;2.01416
0.16833;0.17725;-1.00488
-0.48828;-2.38037;-0.30518
0.17798;0.20471;-1.01099
2.80762;-3.96729;6.34766
0.16211;0.19287;-0.97791
1.95312;-3.84521;3.11279
0.10657;0.17249;-0.97961
-0.85449;-2.92969;2.68555
0.10950;0.16260;-0.97107
-1.46484;-3.78418;-0.12207
0.12146;0.18848;-0.97314
-0.91553;-3.05176;4.02832
0.12256;0.18481;-0.97668
-2.62451;-4.21143;-0.36621
0.06909;0.14050;-0.95667
-2.68555;-4.39453;0.97656
0.08813;0.18591;-0.96826
-0.97656;-3.60107;0.91553
0.07080;0.17810;-0.96155
-2.31934;-3.60107;-0.79346
0.07141;0.16528;-0.97278
-1.15967;-1.46484;0.48828
0.04114;0.16882;-0.94519
-1.34277;0.30518;-1.28174
0.02234;0.11926;-0.95862
-0.24414;3.11279;-2.31934
0.09009;0.19788;-0.96411
0.48828;3.60107;-0.12207
0.16467;0.17371;-1.04663
1.22070;3.41797;-0.79346
0.13464;0.24060;-0.98145
0.67139;2.31934;2.74658
0.02588;0.06970;-0.97412
-2.56348;3.11279;-3.35693
0.06470;0.14246;-0.94995
0.61035;5.12695;3.29590
0.12415;0.20117;-0.95862
2.25830;5.49316;2.68555
0.06958;0.12000;-0.97327
2.01416;8.54492;1.77002
0.03735;0.14075;-0.87109
3.47900;7.93457;3.72314
0.11523;0.09973;-0.94836
4.57764;8.91113;-6.22559
0.24500;0.08459;-1.10083
0.79346;3.17383;1.70898
0.09387;0.48413;-1.33313
6.53076;-7.81250;-25.87891
0.08691;0.23242;-0.99072
-6.89697;2.07520;-1.22070
0.10681;0.11987;-0.96252
-1.34277;8.30078;1.95312
0.16711;0.22375;-0.96753
1.15967;5.49316;2.92969
0.13660;0.16309;-0.99109
-1.95312;0.73242;-1.15967
0.15710;0.18396;-0.98096
0.79346;1.89209;0.54932
0.15308;0.16248;-0.97900
0.97656;-0.79346;-1.40381
0.13525;0.17542;-0.97595
1.03760;-0.85449;-1.58691
0.14502;0.19849;-0.98999
0.79346;-0.61035;-0.42725
0.15210;0.18213;-0.99365
1.40381;1.28174;0.73242
0.17200;0.22180;-1.00244
2.80762;0.79346;-2.80762
0.13379;0.20764;-0.99402
2.25830;1.03760;0.85449
0.15491;0.17700;-1.00476
2.56348;0.06104;1.03760
0.14014;0.19043;-0.97058
1.95312;-1.46484;1.15967
0.15247;0.17981;-0.98755
0.85449;-2.80762;2.25830
0.15991;0.17285;-1.00183
0.30518;-3.47900;0.91553
0.13367;0.18665;-0.96936
-0.24414;-3.23486;1.46484
0.13391;0.17383;-0.98779
0.36621;-3.60107;2.50244
0.13135;0.20227;-0.97070
-1.09863;-2.25830;3.47900
0.10938;0.16809;-0.96375
-2.99072;-1.52588;2.44141
0.09668;0.14453;-0.96423
-2.25830;-1.77002;2.19727
0.11475;0.18115;-0.97437
-2.19727;-2.07520;2.31934
0.11462;0.14575;-0.98877
-1.28174;-3.60107;-0.54932
0.11975;0.17932;-0.98108
-0.12207;-3.29590;-0.48828
0.09766;0.17188;-0.98328
-1.03760;-3.78418;1.09863
0.11072;0.16980;-0.99133
-1.15967;-2.86865;-0.67139
0.06189;0.16174;-0.95642
-1.34277;-2.44141;1.28174
0.04004;0.14429;-0.96521
-0.24414;0.18311;-2.86865
0.07812;0.16980;-0.96204
-0.12207;0.79346;0.48828
0.09253;0.13879;-0.99475
0.85449;3.66211;-0.54932
0.12207;0.20422;-0.98743
-0.54932;1.46484;0.73242
-0.03430;0.13550;-0.90283
-1.89209;5.43213;-3.41797
-0.02881;0.08325;-0.90515
-0.12207;8.05664;6.65283
0.04834;0.11462;-0.87939
4.76074;11.41357;3.11279
0.18542;0.23413;-0.96326
8.36182;12.51221;-1.09863
0.03796;0.18311;-0.82690
-0.18311;13.85498;-23.01025
0.36523;-0.00305;-1.20166
5.18799;3.41797;13.06152
0.18408;0.53760;-0.98694
1.40381;-8.48389;-18.24951
0.16235;0.03699;-1.08252
-1.77002;7.38525;-0.91553
0.12012;0.21777;-0.93384
-0.06104;8.05664;2.99072
0.18982;0.14294;-1.00110
0.36621;5.61523;1.22070
0.14624;0.21423;-0.96204
0.24414;4.57764;3.05176
0.18323;0.15967;-0.98328
0.30518;2.13623;0.54932
0.14966;0.19714;-0.96985
2.13623;-0.85449;-0.67139
0.17395;0.18115;-0.98779
0.91553;0.06104;-0.79346
0.15222;0.21021;-0.99194
0.30518;0.24414;-1.03760
0.18140;0.18982;-0.98987
1.77002;0.67139;-1.70898
0.17065;0.20154;-0.99634
1.34277;-1.03760;0.61035
0.16223;0.20300;-1.00891
2.25830;-2.25830;0.79346
0.17957;0.22083;-0.99170
1.09863;-2.74658;1.34277
0.14575;0.18359;-0.97986
1.58691;-2.25830;3.78418
0.15247;0.14771;-0.98816
-0.18311;-3.47900;2.74658
0.15527;0.20044;-0.96570
-0.48828;-2.31934;3.90625
0.13281;0.17529;-0.96924
-0.00000;-3.66211;1.34277
0.12744;0.16919;-0.97253
-0.54932;-3.23486;0.42725
0.10400;0.18896;-0.96204
1.15967;-3.35693;2.92969
0.15405;0.16870;-0.99744
-0.12207;-3.54004;-0.85449
0.13611;0.19202;-0.98462
-0.36621;-3.90625;3.84521
0.10449;0.19897;-0.97131
-1.52588;-4.76074;-1.15967
0.09229;0.16187;-0.96948
-2.07520;-3.47900;0.06104
0.07166;0.17505;-0.95374
-0.73242;-2.80762;1.83105
0.09338;0.17810;-0.96704
-1.28174;-1.64795;-2.74658
0.06995;0.15930;-0.96838
0.48828;0.61035;-1.52588
0.13647;0.22229;-0.99121
0.61035;-1.03760;0.61035
0.06274;0.15125;-0.97205
-2.31934;0.12207;-1.89209
0.07874;0.15125;-0.97986
-0.85449;1.09863;1.58691
0.03503;0.18713;-0.92114
-1.70898;2.86865;-3.17383
0.03223;0.11938;-0.93335
0.30518;6.46973;3.90625
-0.01062;0.18872;-0.81519
1.28174;6.77490;-16.84570
0.17871;0.01172;-1.02527
12.02393;6.04248;3.84521
0.23975;0.39014;-0.94702
6.59180;-0.36621;2.99072
0.23267;0.10962;-1.16223
-0.12207;-5.85938;-7.01904
0.19763;0.43347;-1.05188
2.38037;-4.57764;-1.58691
0.08264;0.14282;-1.00940
-0.00000;1.46484;-2.13623
0.09290;0.20251;-0.94458
-0.73242;7.50732;0.30518
0.16394;0.16064;-1.02661
-0.85449;6.65283;-2.31934
0.10315;0.21985;-0.96655
-2.25830;5.79834;1.89209
0.12305;0.17212;-0.97620
-1.03760;6.71387;2.80762
0.13318;0.19690;-0.97729
-0.97656;4.21143;-0.61035
0.12903;0.19385;-0.99011
-0.36621;3.78418;-1.34277
0.14392;0.18225;-0.98267
-1.09863;3.78418;0.54932
0.15112;0.17969;-0.98352
0.36621;1.28174;0.54932
0.14966;0.17944;-0.98682
0.97656;0.73242;-0.85449
0.16174;0.21204;-1.00049
1.58691;0.18311;-1.58691
0.12732;0.23901;-0.99927
-0.18311;1.03760;-1.52588
0.17285;0.20251;-1.01660
-2.50244;1.83105;0.36621
0.16833;0.23230;-1.01965
-3.90625;1.89209;0.00000
0.16516;0.13440;-0.99097
-3.90625;1.09863;1.77002
0.11096;0.17212;-0.92468
-3.11279;-0.91553;8.42285
0.12048;0.12622;-0.98364
-3.90625;-0.85449;1.83105
0.14722;0.15979;-0.96301
-4.69971;0.12207;5.73730
0.14185;0.12305;-0.97864
-2.80762;-2.13623;3.17383
0.13953;0.17944;-0.97473
-1.64795;-2.80762;0.79346
0.12561;0.12708;-1.00793
-1.64795;-2.56348;1.46484
0.14099;0.17432;-0.98145
-1.22070;-1.83105;3.84521
0.12573;0.12048;-0.99170
-1.52588;-2.31934;2.44141
0.10095;0.12170;-0.96216
-0.91553;-2.07520;1.40381
0.08618;0.13916;-0.95801
0.61035;-1.40381;0.54932
0.09790;0.10596;-0.98645
2.19727;-0.24414;-0.67139
0.16345;0.21228;-0.99609
2.13623;-0.18311;0.18311
0.08374;0.13379;-0.96875
-0.73242;1.40381;-0.91553
0.10974;0.13220;-0.98938
-0.54932;1.58691;0.73242
0.09790;0.17651;-0.95923
-0.67139;1.77002;-0.24414
0.05933;0.10278;-0.95471
-0.79346;4.51660;-1.03760
0.04346;0.15479;-0.90723
-0.54932;5.49316;1.09863
-0.03625;0.14905;-0.78101
-5.12695;11.90186;-18.43262
0.24170;-0.09802;-1.02112
7.14111;7.69043;7.99561
0.32812;0.47839;-1.00500
4.39453;2.07520;3.35693
0.26416;-0.04602;-1.24353
-8.72803;-2.50244;-7.50732
0.18237;0.38318;-1.00305
3.66211;8.05664;0.54932
0.07361;0.07483;-0.94043
-7.56836;12.81738;-0.97656
0.18286;0.14978;-1.00085
4.82178;11.90186;4.08936
0.20691;0.21594;-0.97571
2.50244;7.26318;0.48828
0.17676;0.11792;-0.99097
2.74658;1.28174;1.40381
0.16846;0.14722;-0.97046
3.23486;2.68555;-0.24414
0.18237;0.16455;-0.97424
2.80762;3.72314;2.07520
0.17578;0.15430;-0.97876
1.52588;1.34277;0.06104
0.17700;0.14417;-0.96448
1.58691;1.70898;0.91553
0.19995;0.14648;-0.99304
1.95312;0.91553;-0.61035
0.16748;0.17822;-0.97083
0.91553;1.40381;0.48828
0.18103;0.14124;-0.97534
-0.54932;1.64795;0.24414
0.18640;0.16431;-0.97534
1.28174;1.34277;-0.12207
0.18774;0.16296;-0.97485
0.30518;0.61035;-0.48828
0.17957;0.14941;-0.97644
0.30518;0.48828;-0.79346
0.18115;0.16553;-0.97095
0.12207;1.64795;-0.30518
0.19104;0.14600;-0.97534
-0.06104;0.91553;-0.42725
0.18567;0.16370;-0.97620
0.61035;0.79346;0.36621
0.18372;0.15271;-0.97461
-0.06104;1.03760;0.12207
0.18457;0.16187;-0.97302
0.06104;0.67139;-0.12207
0.18494;0.15076;-0.97546
-0.30518;0.67139;-0.12207
0.18713;0.15930;-0.97473
-0.18311;0.79346;0.24414
0.18054;0.15210;-0.97302
-0.79346;1.22070;0.00000
0.18970;0.14270;-0.97925
-0.85449;1.28174;-0.06104
0.18958;0.15710;-0.97351
-0.36621;1.46484;0.97656
0.18555;0.14172;-0.97937
-0.00000;1.15967;0.48828
0.18994;0.15442;-0.97375
0.97656;0.48828;0.61035
0.18445;0.15540;-0.97681
0.67139;0.42725;-0.36621
0.18408;0.15259;-0.97839
0.18311;0.97656;-0.42725
0.18384;0.15442;-0.97449
-0.24414;0.97656;-0.24414
0.18616;0.15002;-0.97766
-0.18311;1.70898;0.48828
0.18726;0.15186;-0.97388
-0.12207;2.38037;0.79346
0.19202;0.15332;-0.97498
0.48828;1.77002;0.48828
0.19299;0.14941;-0.97583
0.67139;1.03760;0.42725
0.19019;0.15283;-0.97656
0.24414;0.97656;0.12207
0.19189;0.15063;-0.97766
0.73242;0.97656;-0.06104
0.18896;0.15356;-0.97485
0.12207;0.61035;-0.48828
0.18970;0.15039;-0.97766
0.06104;0.54932;-0.54932
