0.23364;0.22461;-0.97437
4.45557;-5.98145;-2.99072
0.23352;0.23083;-0.96448
7.32422;-10.62012;-5.24902
0.20496;0.22107;-0.97278
10.07080;-13.85498;-5.06592
0.22681;0.27014;-0.97986
11.04736;-16.17432;-6.71387
0.18030;0.27307;-0.97595
11.96289;-16.84570;-8.48389
0.16577;0.31128;-0.95776
12.32910;-16.78467;-8.42285
0.16858;0.29358;-0.98132
13.30566;-17.82227;-8.66699
0.12952;0.31616;-0.98987
14.16016;-17.82227;-7.01904
0.14465;0.30969;-1.01062
15.99121;-19.89746;-12.20703
0.12585;0.29968;-1.02100
19.59229;-22.09473;-19.65332
0.07642;0.36243;-1.01831
25.75684;-19.83643;-14.22119
0.08032;0.36206;-0.96912
27.28271;-18.49365;-10.49805
-0.04102;0.38049;-0.87183
21.36230;-21.17920;-10.13184
-0.18884;0.39697;-0.74902
13.97705;-19.04297;-1.83105
-0.24451;0.51611;-0.63416
3.47900;-13.06152;4.51660
-0.19373;0.53503;-0.66492
-5.31006;2.86865;-3.47900
-0.16284;0.48511;-0.75232
-10.80322;15.74707;-4.76074
-0.08740;0.42212;-0.86157
-17.57812;24.35303;8.48389
-0.13110;0.38147;-0.80774
-24.96338;26.42822;18.85986
0.03662;0.29285;-1.01392
-23.25439;32.34863;43.76221
-0.07349;0.07556;-0.97144
-32.77588;19.77539;21.48438
0.36047;0.27393;-1.12793
-20.32471;29.66309;33.38623
0.12122;0.39746;-0.92383
-22.15576;29.78516;7.20215
0.42249;0.16907;-1.06250
-19.47021;29.84619;-0.85449
0.25488;0.44727;-0.98523
-11.04736;22.33887;7.87354
0.22583;0.20667;-0.99561
-12.81738;17.08984;-2.25830
0.22742;0.19434;-0.98035
-2.62451;8.17871;3.78418
0.24878;0.24341;-0.96021
-0.12207;2.74658;0.30518
0.23303;0.23120;-0.96338
-0.24414;-1.70898;-2.44141
0.21277;0.22717;-0.96179
0.91553;-3.54004;-3.60107
0.24463;0.22864;-0.96899
2.99072;-5.55420;-3.47900
0.21667;0.25208;-0.96460
2.80762;-7.75146;-2.25830
0.24963;0.24792;-1.00818
9.39941;-13.42773;-11.90186
0.19946;0.29456;-0.98291
11.65771;-14.22119;-4.69971
0.19702;0.27734;-0.98792
12.63428;-14.40430;-16.41846
0.13977;0.29700;-0.96643
10.62012;-11.90186;-11.29150
0.09802;0.32361;-0.97327
10.49805;-11.71875;-12.69531
0.14880;0.35693;-0.96594
10.74219;-8.48389;-17.76123
0.02844;0.22253;-0.97473
14.77051;-4.76074;-17.45605
0.04590;0.32788;-0.90991
16.23535;-6.95801;-0.30518
0.13135;0.43030;-0.92944
12.93945;-4.63867;-8.85010
0.08350;0.37549;-0.94495
10.43701;-4.88281;-1.58691
0.10730;0.38000;-0.93201
10.07080;-4.63867;-5.67627
0.03259;0.31958;-0.92505
13.54980;-8.66699;-6.34766
0.02722;0.42566;-0.89148
13.36670;-11.10840;-1.58691
0.01611;0.41321;-0.87659
10.55908;-7.69043;-4.02832
-0.10779;0.42175;-0.80151
5.12695;-5.18799;0.12207
-0.10632;0.45007;-0.78784
-0.30518;2.25830;0.54932
-0.04419;0.45605;-0.83313
-4.57764;11.23047;1.95312
-0.01099;0.41687;-0.87292
-9.03320;15.31982;2.38037
-0.00391;0.36609;-0.89209
-13.67188;18.49365;3.17383
0.07263;0.37402;-0.91675
-14.46533;20.08057;7.93457
0.02429;0.29956;-0.81360
-16.54053;21.36230;5.92041
0.16284;0.40674;-0.97290
-16.35742;23.74268;14.09912
0.11890;0.31335;-0.89868
-22.52197;26.85547;11.96289
0.20715;0.30176;-1.03723
-21.72852;25.63477;18.24951
0.20325;0.35779;-0.98120
-20.14160;28.38135;21.36230
0.35474;0.29102;-1.03406
-15.50293;23.01025;14.77051
0.24512;0.25647;-0.95667
-8.97217;16.05225;10.98633
0.24915;0.23499;-0.93506
-3.84521;13.12256;7.32422
0.27417;0.25757;-0.93799
2.38037;8.78906;9.52148
0.27148;0.23767;-0.93164
-2.62451;2.44141;1.52588
0.30286;0.22473;-0.95190
2.38037;-2.38037;-1.77002
0.27039;0.25415;-0.93164
1.15967;-3.72314;-1.89209
0.27087;0.25159;-0.95081
2.44141;-7.56836;-6.22559
0.30969;0.26086;-0.95837
1.52588;-12.69531;-9.39941
0.23987;0.25208;-0.96936
6.04248;-19.34814;-11.65771
0.23914;0.26794;-0.96729
11.65771;-18.43262;-13.97705
0.21155;0.33472;-0.95898
12.87842;-15.01465;-10.86426
0.18823;0.27930;-0.98694
14.40430;-11.71875;-11.77979
0.17249;0.33521;-0.96619
15.31982;-11.04736;-11.59668
0.16492;0.33752;-0.97949
16.29639;-10.92529;-13.67188
0.15149;0.33777;-0.96790
18.43262;-13.12256;-13.30566
0.12659;0.38269;-0.94128
18.85986;-13.36670;-11.77979
0.10522;0.40930;-0.92615
18.37158;-13.36670;-11.47461
0.12903;0.43872;-0.94678
19.83643;-10.98633;-8.54492
0.04199;0.40686;-0.92175
18.31055;-9.03320;-14.16016
-0.02771;0.43481;-0.83398
15.99121;-9.46045;-5.24902
-0.04211;0.45923;-0.81885
11.23047;-5.06592;-8.11768
-0.11450;0.44385;-0.78162
6.46973;-2.44141;-4.76074
-0.08228;0.49207;-0.77429
0.54932;1.52588;-0.24414
-0.06177;0.47754;-0.82507
-5.49316;6.83594;2.92969
-0.00964;0.47375;-0.83594
-10.98633;11.16943;9.33838
0.01306;0.43799;-0.84973
-14.83154;12.14600;10.49805
0.07642;0.42126;-0.90686
-16.84570;15.50293;13.73291
0.08679;0.37085;-0.88110
-19.53125;17.39502;14.95361
0.13586;0.38989;-0.94336
-20.38574;20.44678;17.51709
0.10974;0.36011;-0.92285
-20.93506;21.42334;14.34326
0.20056;0.36621;-0.99976
-20.38574;21.17920;16.60156
0.16528;0.33679;-0.94189
-21.85059;22.39990;15.74707
0.28857;0.27649;-0.99683
-19.53125;21.66748;16.66260
0.34998;0.43994;-0.98877
-14.34326;19.10400;25.14648
0.28613;0.25330;-0.94958
-10.80322;14.70947;0.97656
0.27563;0.24072;-0.94312
-0.06104;14.03809;10.86426
0.28870;0.27197;-0.93347
-3.60107;4.76074;1.95312
0.26514;0.25244;-0.94788
-2.86865;-3.72314;-3.54004
0.24585;0.26416;-0.92505
0.12207;-3.90625;-1.95312
0.26025;0.24341;-0.96228
0.97656;-6.10352;-5.55420
0.25305;0.27502;-0.94568
-0.00000;-6.77490;-4.88281
0.26172;0.26660;-0.99683
3.90625;-11.84082;-3.66211
0.26318;0.28296;-0.99060
11.23047;-22.33887;-13.79395
0.26746;0.34570;-1.00720
17.63916;-24.29199;-13.54980
0.19446;0.37451;-1.00732
19.40918;-26.12305;-20.50781
0.17334;0.28198;-0.97754
22.33887;-25.51270;-18.37158
0.10095;0.37146;-0.93542
23.31543;-21.78955;-15.19775
0.03857;0.36755;-0.91187
23.19336;-17.57812;-13.36670
0.02759;0.35034;-0.89600
21.36230;-13.18359;-10.98633
-0.02319;0.40137;-0.86108
18.67676;-10.25391;-8.91113
-0.01611;0.46045;-0.84766
16.60156;-5.73730;-5.55420
-0.02869;0.46826;-0.84717
12.39014;-1.52588;-7.32422
-0.06470;0.45813;-0.83447
8.78906;0.42725;-7.32422
-0.07397;0.50049;-0.79468
2.50244;2.19727;-2.07520
-0.04456;0.47083;-0.83508
-3.35693;6.71387;0.97656
-0.03149;0.46533;-0.85742
-6.89697;8.85010;7.14111
-0.00891;0.45630;-0.83521
-9.76562;11.96289;7.99561
0.03247;0.45996;-0.85925
-12.81738;12.81738;9.76562
0.00244;0.37952;-0.88428
-15.86914;14.34326;10.07080
0.07117;0.39612;-0.93738
-17.63916;17.88330;15.86914
0.09766;0.38660;-0.91235
-19.65332;20.81299;15.31982
0.13062;0.40576;-0.93872
-18.67676;22.70508;18.98193
0.19910;0.35291;-0.96606
-19.71436;22.27783;15.62500
0.19238;0.30908;-0.95129
-18.06641;21.48438;17.51709
0.26440;0.34558;-1.00232
-15.93018;22.09473;14.34326
0.28687;0.35571;-0.96558
-11.35254;17.27295;5.98145
0.25244;0.22595;-0.96643
-7.93457;9.33838;3.96729
0.27539;0.30164;-0.92102
3.47900;5.06592;6.04248
0.26538;0.28162;-0.93787
-2.80762;-2.13623;-1.34277
0.22742;0.29041;-0.94287
0.06104;-3.78418;-2.07520
0.24158;0.30139;-0.92908
0.18311;-2.92969;-1.28174
0.23499;0.29773;-0.95178
-1.03760;-4.21143;-2.50244
0.24976;0.29089;-0.94763
0.54932;-5.31006;-1.52588
0.22974;0.30469;-0.97778
4.63867;-10.49805;-7.38525
0.25244;0.32214;-1.00061
10.62012;-19.16504;-10.19287
0.25012;0.35962;-1.00378
13.24463;-23.31543;-14.70947
0.17944;0.31958;-0.96802
16.17432;-25.75684;-18.43262
0.14185;0.33386;-0.98926
20.38574;-23.62061;-12.93945
0.09668;0.34644;-0.95923
23.37646;-20.93506;-19.47021
0.07739;0.38123;-0.93774
25.14648;-15.93018;-21.11816
0.00415;0.41162;-0.89612
24.35303;-12.81738;-15.01465
-0.01306;0.45068;-0.83728
21.72852;-10.86426;-10.62012
-0.03674;0.47375;-0.81458
15.25879;-6.04248;-9.27734
-0.10059;0.48999;-0.78979
9.39941;-3.84521;-6.04248
-0.11377;0.48474;-0.78430
3.41797;-1.70898;-2.25830
-0.10840;0.47424;-0.80408
-1.22070;2.31934;1.77002
-0.09253;0.46277;-0.81885
-5.85938;6.10352;7.56836
-0.03223;0.44080;-0.86060
-9.09424;10.74219;8.54492
0.00012;0.46863;-0.85767
-11.16943;10.19287;7.08008
0.00183;0.43604;-0.86951
-14.34326;12.93945;8.66699
0.09387;0.48059;-0.92151
-14.64844;15.56396;11.59668
-0.01648;0.35791;-0.84741
-19.95850;19.77539;10.31494
0.15869;0.38953;-0.97034
-18.67676;19.77539;25.32959
0.04199;0.36267;-0.92102
-22.27783;23.98682;14.58740
0.27539;0.31921;-0.96667
-21.11816;23.62061;17.45605
0.19336;0.39941;-0.97217
-21.17920;24.65820;13.06152
0.30530;0.30225;-0.96997
-18.24951;23.68164;14.28223
0.28027;0.35486;-0.98999
-16.11328;24.53613;8.91113
0.24353;0.27856;-0.96790
-10.74219;18.37158;8.11768
0.26794;0.24573;-0.95850
-5.79834;11.84082;7.26318
0.26306;0.25647;-0.93750
-0.61035;4.88281;3.66211
0.27625;0.25818;-0.93823
1.15967;-2.13623;-0.85449
0.26733;0.26648;-0.95142
2.74658;-6.95801;-5.00488
0.26538;0.27185;-0.94714
3.47900;-11.47461;-5.67627
0.29517;0.28479;-0.95984
7.01904;-19.83643;-10.55908
0.21216;0.31873;-0.99255
10.25391;-22.33887;-14.58740
0.22510;0.33228;-0.99573
15.07568;-23.07129;-10.98633
0.19531;0.37048;-1.00562
16.72363;-25.75684;-16.66260
0.17920;0.32666;-1.00061
18.37158;-25.39062;-16.47949
0.11841;0.36328;-0.97095
21.30127;-25.57373;-11.77979
0.04736;0.37646;-0.95715
22.39990;-21.17920;-11.53564
0.05212;0.39697;-0.91113
21.42334;-18.73779;-10.74219
-0.07922;0.38208;-0.86255
17.33398;-11.47461;-7.81250
-0.07910;0.41858;-0.79810
12.32910;-7.26318;-8.11768
-0.07007;0.47388;-0.81470
9.15527;-3.66211;-10.62012
-0.09570;0.45593;-0.80273
5.37109;-0.61035;-8.11768
-0.12585;0.47009;-0.78113
-0.97656;2.07520;-4.02832
-0.10718;0.46326;-0.81165
-5.49316;6.89697;2.56348
-0.00183;0.47351;-0.90747
-7.62939;9.76562;2.92969
0.01294;0.44312;-0.92651
-10.13184;6.22559;4.69971
0.02441;0.46423;-0.87561
-9.58252;5.98145;11.47461
-0.02258;0.41760;-0.89734
-9.39941;6.65283;2.25830
-0.05969;0.35217;-0.88098
-9.46045;9.09424;8.05664
0.08984;0.42737;-0.92200
-8.54492;11.23047;14.03809
-0.01807;0.35803;-0.87000
-12.39014;16.11328;6.89697
0.11792;0.36731;-0.95605
-12.20703;16.90674;18.06641
0.04639;0.34375;-0.89551
-16.23535;19.28711;5.98145
0.16589;0.34863;-0.99170
-15.56396;18.18848;12.63428
0.07324;0.35583;-0.92493
-16.11328;18.61572;6.95801
0.25085;0.33093;-0.98267
-16.23535;17.88330;10.55908
0.16528;0.31995;-0.99963
-11.90186;19.89746;12.45117
0.24817;0.35437;-0.97900
-10.74219;16.11328;9.52148
0.15723;0.25146;-0.95959
-6.83594;10.43701;6.89697
0.21948;0.28235;-0.96680
-3.29590;8.36182;4.02832
0.20215;0.28613;-0.95569
-0.42725;7.20215;4.08936
0.20337;0.29395;-0.94568
0.06104;6.71387;3.54004
0.22058;0.27148;-0.94727
1.03760;6.77490;3.17383
0.22668;0.27393;-0.95129
0.61035;3.23486;1.03760
0.25049;0.26672;-0.94690
3.11279;-0.91553;-0.06104
0.24463;0.27722;-0.96619
2.56348;-13.06152;-5.37109
0.24695;0.28076;-1.00354
11.10840;-24.23096;-16.66260
0.20190;0.34973;-0.99707
14.70947;-26.00098;-10.43701
0.17957;0.37927;-1.00769
13.48877;-26.85547;-20.26367
0.13550;0.32385;-0.98669
14.28223;-26.06201;-15.74707
0.09692;0.35193;-0.95251
14.40430;-25.32959;-17.02881
0.07263;0.37500;-0.95007
14.95361;-23.43750;-13.73291
-0.02026;0.33057;-0.89954
15.19775;-16.54053;-4.88281
-0.06970;0.33557;-0.86316
12.75635;-12.63428;-4.21143
-0.09644;0.40393;-0.82776
10.62012;-8.85010;-2.99072
-0.04553;0.44214;-0.85303
7.87354;-3.47900;-5.85938
-0.05176;0.42261;-0.88184
5.49316;2.01416;-6.83594
-0.08765;0.40613;-0.88037
3.23486;2.44141;-2.92969
-0.07385;0.42212;-0.85974
0.24414;2.44141;1.09863
-0.04175;0.45032;-0.85669
-2.80762;4.94385;2.01416
-0.07922;0.41687;-0.87097
-4.45557;8.85010;4.51660
-0.01489;0.41931;-0.86206
-4.94385;10.86426;12.81738
0.03076;0.43994;-0.91711
-8.54492;13.54980;4.33350
0.04736;0.38159;-0.95679
-10.49805;15.56396;5.43213
0.00671;0.34827;-0.88953
-12.69531;15.13672;10.49805
0.04968;0.40759;-0.93359
-14.64844;17.88330;9.58252
0.00061;0.31116;-0.88074
-16.29639;22.94922;10.55908
0.13477;0.31226;-0.97571
-14.64844;24.16992;17.08984
0.09949;0.35681;-0.93201
-16.60156;26.91650;17.27295
0.25098;0.33569;-1.03638
-14.40430;25.14648;14.77051
0.23608;0.29492;-0.99329
-13.42773;23.86475;13.30566
0.29504;0.29443;-0.95520
-7.01904;16.11328;14.89258
0.24487;0.29175;-0.97388
-0.48828;5.85938;0.06104
0.21606;0.27087;-0.93884
0.36621;0.67139;0.61035
0.20337;0.28821;-0.96155
2.38037;-1.58691;-0.30518
0.21191;0.29700;-0.94067
0.48828;0.42725;0.30518
0.20972;0.27380;-0.95093
0.06104;1.22070;-0.61035
0.24707;0.29224;-0.95703
1.70898;-2.99072;-2.44141
0.28052;0.28967;-0.98511
2.74658;-12.69531;-6.77490
0.22375;0.32556;-0.98865
11.10840;-20.50781;-13.91602
0.22351;0.33167;-0.98193
12.81738;-21.48438;-15.31982
0.16772;0.33508;-0.98706
14.16016;-23.13232;-21.48438
0.12195;0.34363;-0.97766
15.07568;-23.13232;-15.86914
0.10352;0.35437;-0.95508
16.41846;-21.72852;-14.64844
0.04907;0.37207;-0.95642
17.15088;-20.56885;-16.54053
0.02332;0.35962;-0.94470
20.56885;-15.56396;-7.32422
-0.00793;0.37488;-0.88794
18.18848;-11.29150;-8.30078
-0.11023;0.37598;-0.86804
14.58740;-8.36182;-11.41357
-0.11743;0.47241;-0.79346
13.73291;-4.82178;-6.10352
-0.11560;0.50085;-0.77258
8.42285;1.95312;-7.32422
-0.12268;0.45032;-0.80969
1.64795;5.61523;-5.00488
-0.07593;0.48425;-0.82800
-4.21143;7.38525;6.77490
-0.03357;0.46741;-0.84912
-9.03320;12.51221;8.42285
-0.05420;0.42163;-0.83081
-12.75635;12.39014;10.68115
0.02441;0.39355;-0.90723
-14.28223;14.70947;17.88330
0.01794;0.36816;-0.92786
-19.10400;18.85986;15.19775
0.09888;0.33618;-0.96008
-17.15088;20.87402;20.93506
0.10486;0.38074;-0.94067
-18.85986;23.31543;9.39941
0.12561;0.32434;-0.91479
-16.47949;24.59717;21.97266
0.12805;0.30615;-0.99609
-18.67676;23.74268;16.29639
0.23743;0.34705;-0.97412
-16.47949;23.07129;43.51807
0.25110;0.38623;-0.98804
-16.11328;23.80371;9.70459
0.21289;0.21777;-0.96301
-8.23975;21.78955;7.01904
0.26929;0.23718;-0.95728
4.08936;16.96777;7.50732
0.28918;0.31226;-0.92163
0.79346;8.05664;2.92969
0.28320;0.23657;-0.95093
-1.52588;-2.38037;-2.07520
0.26306;0.27527;-0.93872
1.46484;-7.08008;-5.55420
0.29761;0.28418;-0.94666
-0.36621;-12.14600;-5.79834
0.21765;0.31799;-0.99854
-1.77002;-15.68604;-5.98145
0.24365;0.28296;-0.98279
10.98633;-19.59229;-13.85498
0.24365;0.33423;-0.97083
13.06152;-21.24023;-14.34326
0.19421;0.34961;-0.99329
14.16016;-21.91162;-17.57812
0.14636;0.32495;-0.97534
14.89258;-21.30127;-19.95850
0.10376;0.34399;-0.95276
16.23535;-19.89746;-15.50293
0.08362;0.35559;-0.93762
17.39502;-17.51709;-14.09912
0.02686;0.35803;-0.92139
17.63916;-15.93018;-14.46533
-0.01074;0.38293;-0.86450
16.66260;-11.04736;-11.16943
-0.05005;0.43616;-0.83484
15.93018;-8.05664;-7.62939
0.03687;0.44470;-0.92798
15.80811;-2.62451;-13.00049
0.01416;0.45679;-0.91760
13.06152;-2.31934;-10.98633
-0.05078;0.44531;-0.84753
9.76562;-3.78418;-6.95801
-0.11926;0.44946;-0.78931
5.12695;-3.66211;-1.95312
-0.18872;0.42175;-0.76257
-2.31934;1.15967;1.64795
-0.10632;0.47498;-0.79883
-7.93457;7.01904;10.74219
0.00891;0.50854;-0.88293
-11.16943;11.04736;8.30078
0.01440;0.44641;-0.93481
-13.97705;14.83154;8.54492
0.06189;0.42236;-0.94543
-14.52637;13.97705;12.26807
0.08081;0.41687;-0.95972
-13.24463;9.03320;11.41357
0.00500;0.35571;-0.88904
-13.97705;10.80322;8.78906
0.06726;0.36206;-0.93921
-13.12256;11.59668;14.95361
0.07178;0.38623;-0.92798
-12.93945;16.41846;10.80322
0.06982;0.34839;-0.92078
-15.93018;18.92090;17.94434
0.14026;0.33154;-0.94397
-18.24951;22.39990;13.73291
0.10217;0.34802;-0.90991
-18.37158;24.04785;19.95850
0.26831;0.49109;-1.09070
-14.40430;26.00098;5.55420
0.21130;0.29443;-0.97632
-13.61084;19.95850;4.02832
0.27795;0.21924;-0.96008
-2.80762;17.08984;5.61523
0.24963;0.28333;-0.93335
-2.07520;10.92529;4.21143
0.26184;0.24036;-0.94824
-0.97656;2.86865;0.42725
0.23254;0.28174;-0.93823
3.17383;-2.07520;-0.85449
0.23987;0.27368;-0.94775
2.86865;-3.90625;-3.54004
0.22961;0.29749;-0.95825
0.61035;-5.55420;-4.08936
0.22888;0.28809;-0.95862
2.07520;-8.42285;-3.05176
0.23499;0.28760;-0.97131
8.42285;-15.19775;-7.69043
0.23096;0.31726;-0.98438
11.10840;-18.49365;-11.23047
0.21704;0.33789;-0.98364
13.36670;-20.44678;-14.46533
0.16333;0.36572;-0.95544
13.73291;-21.11816;-15.74707
0.12781;0.34009;-0.97766
13.79395;-21.17920;-13.42773
0.07593;0.34375;-0.93225
14.09912;-19.53125;-9.58252
0.07410;0.36938;-0.93896
14.95361;-18.24951;-8.17871
0.04944;0.37134;-0.94275
15.31982;-17.33398;-10.68115
0.00769;0.39807;-0.89856
13.36670;-13.85498;-13.06152
-0.02686;0.41589;-0.86133
14.22119;-7.81250;-6.46973
-0.05933;0.42114;-0.84521
10.37598;-4.76074;-7.75146
-0.06812;0.42773;-0.85254
7.08008;-3.47900;-6.04248
-0.05957;0.43481;-0.87683
4.76074;-1.09863;-3.47900
-0.05981;0.44983;-0.86145
-0.36621;-0.18311;-0.18311
-0.07422;0.44812;-0.84607
-4.08936;1.83105;1.40381
-0.03577;0.46582;-0.90198
-12.20703;6.04248;0.73242
-0.02979;0.44641;-0.86243
-14.34326;9.88770;8.48389
-0.00061;0.41785;-0.89294
-17.51709;11.35254;8.72803
0.00830;0.37195;-0.92639
-17.02881;10.92529;10.74219
-0.00757;0.27625;-0.92725
-19.22607;8.54492;5.67627
0.00049;0.36145;-0.91602
-16.78467;10.37598;8.36182
-0.03601;0.31091;-0.84827
-17.27295;15.38086;4.08936
0.07520;0.31030;-0.98828
-15.93018;18.12744;9.46045
0.02478;0.35571;-0.89636
-18.98193;26.24512;19.22607
0.31299;0.14258;-1.05737
-14.95361;22.76611;10.62012
0.22961;0.47998;-1.09851
-10.68115;23.92578;18.12744
0.29541;0.25830;-1.02637
-8.72803;14.46533;8.78906
0.16589;0.20593;-0.94751
-3.23486;6.46973;2.25830
0.15540;0.24719;-0.94897
0.91553;4.63867;5.49316
0.17920;0.29065;-0.96191
0.85449;3.60107;-2.07520
0.19177;0.25391;-0.97302
1.70898;4.57764;2.13623
0.20361;0.25220;-0.97058
2.80762;2.38037;0.85449
0.22449;0.25916;-0.97791
3.96729;-4.57764;-4.45557
0.18933;0.26843;-0.98352
8.23975;-8.91113;-13.91602
0.25818;0.30627;-1.04077
11.29150;-13.06152;-18.92090
0.20142;0.30225;-1.01196
15.19775;-15.01465;-18.18848
0.16870;0.31299;-1.00061
15.31982;-15.62500;-18.43262
0.14868;0.31299;-0.95190
18.37158;-19.04297;-20.44678
0.07336;0.30627;-0.95129
20.38574;-21.91162;-11.41357
0.06445;0.38354;-0.91296
24.16992;-25.39062;-11.84082
0.05835;0.44556;-0.96570
22.27783;-29.96826;-10.31494
-0.13098;0.35864;-0.84717
19.04297;-29.41895;-8.05664
-0.10742;0.49060;-0.78967
11.53564;-24.96338;0.42725
-0.19531;0.46277;-0.75281
6.77490;-14.64844;-6.10352
-0.15588;0.47656;-0.82556
1.34277;-8.23975;-7.20215
-0.11707;0.40308;-0.91174
-0.79346;-4.51660;-3.66211
-0.14966;0.42761;-0.88391
-2.25830;-4.57764;2.13623
-0.11487;0.47107;-0.86401
-3.96729;-3.41797;-1.58691
-0.20947;0.42200;-0.84766
-6.59180;1.15967;1.95312
-0.22461;0.41650;-0.80896
-9.52148;6.95801;10.31494
-0.15649;0.45667;-0.81177
-14.77051;16.35742;7.14111
-0.17639;0.38818;-0.83179
-18.00537;24.04785;15.38086
-0.11707;0.45898;-0.83459
-24.35303;32.95898;36.86523
0.05005;0.20032;-1.04578
-28.38135;29.60205;23.92578
0.11230;0.25232;-0.97449
-31.43311;40.46631;36.62109
0.09900;0.28052;-1.04260
-21.24023;33.81348;13.48877
0.13391;0.34851;-0.97095
-22.21680;36.37695;7.44629
0.10742;0.29285;-1.20435
-10.74219;19.89746;12.51221
0.17383;0.30847;-0.96277
-9.52148;8.30078;-3.90625
0.22498;0.19348;-0.98950
-0.85449;4.08936;4.57764
0.19275;0.29150;-0.95520
-0.48828;1.89209;-0.54932
0.22217;0.22778;-0.97888
0.06104;-2.44141;-5.00488
0.18481;0.27820;-0.96350
4.15039;-5.12695;2.44141
0.21521;0.21094;-0.99512
5.73730;-11.53564;-13.85498
0.17297;0.25769;-1.00134
12.45117;-17.45605;-18.06641
0.15479;0.31763;-1.02722
16.05225;-22.94922;-15.01465
0.09497;0.37720;-1.01111
15.19775;-21.48438;-13.42773
0.06567;0.33093;-0.97766
13.91602;-20.50781;-18.43262
0.05176;0.38184;-0.96008
12.26807;-17.39502;-17.15088
-0.03772;0.30261;-0.94495
13.00049;-15.25879;-15.56396
0.00488;0.37305;-0.92712
13.97705;-13.97705;-13.67188
-0.04797;0.32971;-0.95984
13.73291;-12.26807;-11.77979
-0.06506;0.40125;-0.90466
13.06152;-14.64844;-7.08008
-0.12512;0.47119;-0.81030
10.13184;-8.78906;-13.73291
-0.17664;0.31177;-0.87866
8.48389;-5.85938;-11.53564
-0.08875;0.44470;-0.90320
7.50732;-6.40869;-3.05176
-0.10693;0.45325;-0.85889
5.49316;-4.76074;-2.92969
-0.16272;0.44788;-0.83691
1.28174;-4.57764;-2.92969
-0.17419;0.42932;-0.83081
-2.56348;-2.01416;2.74658
-0.11072;0.44250;-0.88354
-7.26318;1.83105;4.08936
-0.14014;0.39905;-0.90637
-10.68115;6.10352;4.57764
-0.10706;0.39539;-0.89709
-10.37598;10.62012;10.80322
-0.17578;0.34143;-0.84485
-10.92529;15.38086;12.39014
-0.06335;0.35962;-0.89856
-10.68115;19.95850;16.90674
-0.04944;0.39526;-0.89368
-11.23047;22.70508;12.20703
-0.05273;0.31555;-0.90784
-15.25879;25.87891;33.14209
0.06055;0.30298;-0.94788
-16.78467;32.22656;33.81348
0.12817;0.30164;-1.00256
-15.13672;25.02441;32.53174
0.17896;0.30237;-1.01562
-9.52148;16.29639;-4.08936
0.02063;0.34766;-0.85547
-11.10840;14.22119;6.83594
0.13574;0.33704;-1.08655
-9.52148;17.08984;6.77490
0.12842;0.34204;-0.93188
-13.00049;22.46094;5.79834
0.27356;0.20874;-1.02576
-8.30078;22.15576;16.05225
0.20447;0.26038;-0.94666
-5.00488;15.56396;7.14111
0.24988;0.20056;-0.98840
0.36621;3.78418;1.40381
0.19373;0.25928;-0.96191
2.19727;-5.18799;-5.43213
0.20898;0.25195;-0.98071
3.17383;-9.82666;-7.20215
0.12756;0.28711;-0.94788
5.92041;-10.00977;-2.38037
0.17261;0.26562;-0.99170
6.16455;-10.37598;-5.49316
0.13391;0.29248;-0.96179
6.10352;-8.23975;-2.13623
0.15234;0.30432;-0.97632
6.71387;-8.60596;-2.68555
0.12061;0.32605;-0.99329
6.28662;-8.36182;-8.48389
0.15344;0.30835;-1.00012
9.03320;-9.33838;-13.91602
0.10962;0.28796;-0.98645
9.76562;-12.08496;-13.67188
0.11389;0.32129;-1.00342
15.50293;-13.54980;-17.39502
0.14038;0.35254;-1.03186
23.19336;-16.78467;-12.75635
0.15222;0.45264;-0.97485
26.55029;-23.01025;-15.86914
-0.05322;0.27502;-0.87622
21.54541;-22.15576;-20.50781
-0.08594;0.43921;-0.83484
15.19775;-21.48438;0.42725
-0.15588;0.43762;-0.78430
8.60596;-10.55908;-2.92969
-0.10168;0.44226;-0.84790
3.35693;-5.49316;-3.05176
-0.12915;0.42163;-0.85291
-0.48828;-3.84521;-1.83105
-0.16467;0.38171;-0.82800
-4.82178;-1.52588;5.43213
-0.05957;0.45544;-0.89758
-4.27246;1.34277;4.27246
-0.07788;0.42810;-0.92078
-5.73730;2.13623;-0.18311
-0.09229;0.37268;-0.93457
-6.16455;3.72314;4.45557
-0.05322;0.45508;-0.88733
-5.92041;8.36182;-1.03760
-0.12561;0.37085;-0.88257
-9.27734;11.71875;3.72314
-0.06897;0.43115;-0.84326
-11.71875;16.41846;12.14600
-0.00781;0.46204;-0.87463
-12.81738;18.55469;9.82666
-0.04102;0.28931;-0.90808
-19.95850;24.10889;4.63867
-0.02649;0.23376;-0.94763
-21.54541;24.47510;28.19824
0.08923;0.25452;-0.96301
-15.86914;25.39062;24.29199
0.12390;0.26172;-0.98706
-13.42773;29.29688;17.82227
0.15161;0.36462;-0.94946
-14.89258;29.11377;10.98633
0.42163;0.27881;-1.13562
-13.97705;23.92578;7.20215
0.20105;0.36841;-0.95496
-6.40869;15.01465;10.80322
0.13879;0.19214;-0.92261
-3.84521;6.22559;2.56348
0.18298;0.26660;-0.99585
4.27246;4.51660;-0.85449
0.19519;0.28894;-0.94617
-0.24414;1.95312;2.56348
0.18579;0.24438;-0.97302
2.38037;-3.60107;-0.61035
0.19617;0.28027;-0.95264
2.74658;-5.31006;0.42725
0.18396;0.26038;-0.98267
3.54004;-8.48389;-5.31006
0.16870;0.30200;-0.97485
5.49316;-10.55908;-7.93457
0.14978;0.26965;-0.98267
7.50732;-13.42773;-14.46533
0.13098;0.29602;-0.97473
9.03320;-15.01465;-13.97705
0.11145;0.33191;-1.00977
12.63428;-16.47949;-22.33887
0.11377;0.33386;-1.00269
16.90674;-21.30127;-22.39990
0.09863;0.35193;-0.98901
18.24951;-23.37646;-23.62061
0.00891;0.34192;-0.96252
18.43262;-23.13232;-21.05713
-0.03296;0.37512;-0.91223
15.07568;-22.64404;-9.64355
-0.04041;0.40466;-0.86597
14.22119;-17.76123;-10.37598
-0.14539;0.36389;-0.84546
11.53564;-11.84082;-7.69043
-0.09387;0.43237;-0.89026
9.52148;-6.40869;-5.79834
-0.09424;0.46326;-0.88464
7.56836;-4.33350;-8.60596
-0.14014;0.37158;-0.88416
4.51660;-4.57764;-4.63867
-0.10229;0.45850;-0.87109
2.25830;-3.78418;-3.54004
-0.15149;0.39612;-0.87744
-0.12207;-2.92969;0.00000
-0.11853;0.42981;-0.89722
-0.18311;-0.79346;0.24414
-0.14148;0.45093;-0.84070
-1.34277;0.97656;1.09863
-0.14758;0.43713;-0.84875
-5.49316;5.79834;3.11279
-0.14294;0.42212;-0.85779
-9.64355;9.94873;6.89697
-0.11572;0.43860;-0.86182
-14.46533;16.35742;12.32910
-0.08948;0.37866;-0.87927
-17.63916;25.32959;12.20703
-0.07617;0.33508;-0.86804
-21.30127;29.96826;20.69092
0.04700;0.34253;-0.93494
-24.04785;34.42383;18.98193
-0.04663;0.32104;-0.92957
-28.62549;36.43799;11.59668
0.17371;0.17468;-1.04224
-23.31543;38.08594;25.08545
0.23694;0.41907;-1.12085
-15.80811;41.99219;23.25439
0.34705;0.31738;-0.99036
-13.91602;24.47510;8.72803
0.21045;0.16663;-0.97791
-2.74658;10.19287;3.90625
0.22961;0.28735;-0.96729
2.80762;-0.36621;1.77002
0.16736;0.27026;-0.98120
4.39453;-6.77490;-5.00488
0.17969;0.25720;-0.95447
5.61523;-7.20215;-6.77490
0.15100;0.26855;-0.96289
6.34766;-6.89697;-5.92041
0.16284;0.27954;-0.96802
6.10352;-8.17871;-6.83594
0.15955;0.29553;-0.97009
7.14111;-9.52148;-6.34766
0.13550;0.28992;-0.98352
8.48389;-11.71875;-7.93457
0.13049;0.31445;-0.98877
9.76562;-12.32910;-12.08496
0.09875;0.31726;-0.99695
12.81738;-12.93945;-13.73291
0.13049;0.33667;-0.99451
16.72363;-13.30566;-16.54053
0.09875;0.36426;-0.97656
18.24951;-14.34326;-17.63916
0.04980;0.38269;-0.94629
18.31055;-16.05225;-13.30566
0.04138;0.37463;-0.93958
17.57812;-18.37158;-10.68115
-0.01013;0.40723;-0.91528
16.35742;-21.05713;-3.90625
-0.07092;0.40344;-0.86963
15.56396;-18.73779;-3.35693
-0.10620;0.43579;-0.83508
14.40430;-14.46533;-2.25830
-0.08691;0.47229;-0.83240
12.87842;-8.11768;-9.58252
-0.12622;0.43762;-0.86218
9.64355;-4.21143;-10.31494
-0.13196;0.43811;-0.85303
6.22559;-5.24902;-2.56348
-0.05396;0.55200;-0.83032
2.50244;-3.78418;0.73242
-0.15173;0.47632;-0.84167
-1.83105;0.79346;-5.79834
-0.18945;0.41467;-0.84631
-6.34766;2.31934;4.51660
-0.07629;0.51318;-0.87476
-10.86426;5.92041;3.78418
-0.15137;0.41589;-0.85315
-15.07568;9.33838;6.34766
-0.10547;0.41333;-0.85474
-16.66260;9.64355;17.88330
-0.05029;0.39844;-0.91895
-18.49365;15.50293;12.75635
-0.01331;0.43542;-0.89893
-16.23535;21.11816;12.26807
-0.03772;0.31165;-0.89648
-20.99609;24.90234;8.78906
-0.03308;0.37183;-0.83557
-24.16992;28.74756;27.40479
0.07007;0.28955;-0.94141
-27.34375;31.43311;23.49854
0.17004;0.25562;-1.02051
-29.90723;34.17969;25.20752
0.29333;0.23792;-1.09094
-22.27783;36.13281;11.35254
0.27173;0.33716;-1.01709
-18.67676;25.75684;7.44629
0.24500;0.13135;-0.99487
-9.52148;12.32910;4.21143
0.20764;0.26147;-0.96448
-0.85449;2.50244;-0.12207
0.20630;0.22046;-0.97742
2.07520;-4.27246;-4.08936
0.16577;0.25208;-0.96985
4.76074;-5.85938;-3.78418
0.16699;0.26538;-0.95154
4.94385;-4.57764;-0.36621
0.18311;0.26294;-0.98071
5.37109;-4.76074;0.30518
0.18225;0.22925;-0.97290
7.99561;-10.37598;-6.71387
0.19995;0.26624;-0.98486
11.47461;-13.42773;-9.76562
0.16199;0.26697;-1.00183
15.25879;-16.78467;-15.38086
0.13403;0.32727;-1.02063
20.14160;-19.16504;-15.25879
0.12866;0.32764;-1.00720
23.13232;-21.54541;-18.37158
0.06848;0.35303;-0.96118
23.49854;-22.46094;-17.51709
0.07605;0.34766;-0.97314
26.73340;-24.23096;-18.73779
0.02844;0.36792;-0.91663
25.93994;-23.74268;-17.08984
-0.01294;0.43274;-0.91443
25.93994;-21.97266;-13.67188
-0.09875;0.37366;-0.78369
23.80371;-16.17432;-13.06152
-0.18018;0.47278;-0.77429
17.51709;-9.64355;-4.33350
-0.12073;0.52246;-0.79468
13.54980;-3.66211;-4.76074
-0.13635;0.48340;-0.83618
7.14111;-1.22070;-4.63867
-0.13135;0.49255;-0.84106
2.68555;-1.03760;-1.40381
-0.14185;0.52307;-0.83789
-0.54932;-1.03760;3.84521
-0.15234;0.49585;-0.82153
-3.17383;3.17383;1.58691
-0.18420;0.45752;-0.79517
-7.38525;6.71387;7.14111
-0.18555;0.46277;-0.79810
-14.03809;10.37598;12.14600
-0.27209;0.33313;-0.69104
-24.90234;20.81299;14.52637
0.16553;0.58862;-0.94861
-21.91162;29.66309;29.23584
-0.22095;0.26733;-0.87756
-33.56934;32.47070;8.17871
0.31323;0.36560;-1.10425
-28.13721;32.47070;46.81396
0.04871;0.32568;-1.02356
-27.77100;26.48926;18.79883
0.32971;0.43628;-1.08801
-22.52197;21.11816;13.00049
0.11365;0.29150;-1.01074
-15.74707;15.74707;10.37598
0.09631;0.28052;-0.92664
-15.07568;15.99121;7.62939
0.20874;0.31787;-1.00098
-7.87354;13.67188;6.10352
0.15881;0.26575;-0.95239
-6.16455;6.16455;1.34277
0.17883;0.24707;-0.97815
-2.62451;2.74658;-0.54932
0.16602;0.27771;-0.95862
-1.28174;-0.73242;-0.12207
0.18799;0.24622;-0.96899
1.77002;-3.66211;-1.03760
0.16760;0.27783;-0.96436
3.54004;-5.98145;-3.23486
0.18127;0.25720;-0.98999
7.20215;-8.66699;-4.94385
0.17969;0.31360;-1.00024
9.76562;-12.87842;-8.11768
0.12878;0.32422;-1.00366
11.35254;-12.45117;-8.60596
0.13513;0.36902;-0.99695
8.91113;-8.42285;-12.69531
0.13831;0.28931;-0.95715
8.91113;-8.36182;-9.76562
0.05383;0.29443;-0.93323
12.08496;-9.52148;-15.25879
0.03125;0.31958;-0.93762
16.17432;-15.25879;-16.35742
0.05981;0.38098;-1.00415
22.39990;-19.10400;-16.11328
0.02271;0.39380;-0.97888
25.81787;-23.68164;-13.97705
-0.03723;0.35657;-0.97437
25.87891;-25.57373;-14.70947
-0.11865;0.46094;-0.81494
24.47510;-24.04785;-4.94385
-0.23669;0.49841;-0.74268
18.85986;-15.07568;-6.22559
-0.17273;0.55530;-0.74341
9.52148;-2.56348;-15.13672
-0.16931;0.46350;-0.83972
3.90625;5.18799;-8.05664
-0.18701;0.43213;-0.84082
-1.52588;5.00488;6.34766
-0.00305;0.53284;-0.90271
-2.31934;5.49316;-1.15967
-0.12964;0.40894;-0.89136
-4.76074;5.24902;0.36621
-0.17078;0.47021;-0.78662
-7.69043;6.40869;9.33838
-0.03162;0.52271;-0.85095
-10.43701;10.86426;2.19727
-0.12244;0.39490;-0.89587
-12.75635;15.25879;1.34277
-0.09094;0.45081;-0.85095
-16.23535;18.12744;21.48438
-0.10583;0.40918;-0.81885
-23.86475;23.62061;18.37158
-0.11755;0.22510;-0.93677
-30.21240;18.12744;42.84668
0.08728;0.40942;-0.87097
-37.47559;31.61621;53.89404
0.31885;0.25281;-1.18298
-33.87451;35.27832;21.66748
0.14429;0.40967;-0.97034
-23.92578;36.31592;23.49854
0.33984;0.25891;-1.02576
-18.79883;25.63477;0.36621
0.21338;0.23804;-0.98608
-5.79834;16.17432;7.01904
0.24011;0.22339;-0.95300
-1.95312;1.52588;1.46484
0.18030;0.25073;-0.96228
1.52588;-5.06592;-3.96729
0.19714;0.26367;-0.94971
3.23486;-5.73730;-4.94385
0.17883;0.26709;-0.97961
2.50244;-4.94385;-1.64795
0.16760;0.27991;-0.95410
2.99072;-5.37109;0.85449
0.16211;0.26196;-0.97253
5.61523;-10.13184;-3.47900
0.16479;0.29382;-0.98962
8.05664;-14.03809;-7.62939
0.18030;0.30054;-0.98315
10.25391;-18.67676;-10.74219
0.14050;0.30103;-0.99500
11.04736;-20.08057;-9.03320
0.10327;0.32581;-0.99426
12.93945;-20.62988;-13.61084
0.05042;0.35010;-0.93164
12.45117;-21.30127;-14.22119
0.07092;0.30188;-0.97986
15.38086;-19.77539;-21.48438
0.03333;0.34827;-0.97131
17.63916;-18.79883;-16.35742
-0.03088;0.36389;-0.93054
19.59229;-18.79883;-19.47021
-0.04004;0.39050;-0.96387
21.36230;-17.94434;-18.24951
-0.09326;0.39380;-0.91187
21.60645;-16.29639;-12.81738
-0.13928;0.44543;-0.86035
18.49365;-11.23047;-8.97217
-0.14185;0.41211;-0.83105
14.95361;-6.04248;-11.29150
-0.19421;0.43164;-0.80676
11.77979;-4.27246;-4.45557
-0.13416;0.50647;-0.80579
9.03320;-0.12207;-2.56348
-0.19189;0.44177;-0.82495
3.96729;1.77002;-6.10352
-0.16174;0.51147;-0.83850
-1.28174;3.90625;-0.06104
-0.14294;0.48206;-0.84070
-6.16455;6.10352;8.66699
-0.10291;0.48462;-0.86816
-11.29150;8.11768;3.54004
-0.16455;0.43298;-0.85547
-14.89258;11.59668;11.41357
-0.13379;0.43506;-0.81262
-18.00537;16.11328;20.38574
-0.09875;0.39014;-0.85242
-22.33887;23.25439;18.43262
-0.08191;0.36316;-0.89221
-24.47510;28.74756;23.86475
-0.01367;0.33154;-0.87231
-26.61133;22.58301;24.29199
0.06189;0.29858;-0.95459
-28.62549;32.77588;26.55029
0.17456;0.34192;-1.06482
-28.07617;31.92139;26.85547
0.27832;0.33582;-1.09961
-19.95850;26.18408;17.94434
0.17773;0.32178;-1.00635
-14.52637;19.22607;7.93457
0.17529;0.21436;-0.96472
-9.39941;11.35254;6.34766
0.18286;0.23206;-0.99451
0.06104;3.60107;-0.48828
0.18481;0.25940;-0.95715
-1.03760;-1.15967;0.24414
0.14905;0.24121;-0.96814
2.50244;-3.78418;-2.86865
0.13940;0.30432;-0.95483
2.07520;-3.35693;-1.22070
0.19177;0.23279;-0.97791
4.02832;-5.24902;-6.04248
0.17126;0.27075;-0.97546
7.93457;-9.82666;-9.58252
0.19849;0.28845;-1.03320
13.00049;-12.45117;-20.08057
0.14685;0.29102;-0.99597
15.56396;-15.25879;-26.06201
0.13330;0.30396;-0.97961
18.43262;-15.07568;-20.01953
0.06372;0.27930;-0.99487
21.91162;-16.05225;-23.68164
0.13647;0.42358;-1.00098
26.06201;-21.54541;-20.20264
0.01672;0.32300;-0.97021
25.26855;-23.19336;-22.03369
0.03491;0.38489;-0.90686
28.19824;-25.26855;-12.14600
-0.10559;0.39429;-0.84753
27.40479;-23.55957;-11.35254
-0.16199;0.48315;-0.78540
22.94922;-20.08057;-15.80811
-0.23376;0.49036;-0.71667
14.16016;-11.84082;-7.14111
-0.20935;0.50403;-0.76160
6.40869;-2.99072;-7.69043
-0.21582;0.48987;-0.80090
1.40381;4.33350;-1.28174
-0.09607;0.48926;-0.89722
-1.03760;7.38525;1.77002
-0.12537;0.47424;-0.85852
-4.94385;7.32422;3.17383
-0.11414;0.51074;-0.84888
-7.75146;7.56836;6.59180
-0.08350;0.49194;-0.85620
-9.09424;7.99561;3.66211
-0.13770;0.43701;-0.84851
-12.81738;9.64355;7.26318
-0.10364;0.49536;-0.84912
-16.35742;13.36670;11.23047
-0.07739;0.48254;-0.88257
-19.95850;18.92090;9.03320
-0.09424;0.34705;-0.86023
-23.62061;24.35303;9.82666
-0.02490;0.31519;-0.90356
-26.91650;28.93066;25.45166
-0.03613;0.29297;-0.90186
-29.66309;32.53174;28.74756
0.16833;0.30383;-1.03674
-29.35791;35.15625;26.67236
0.23987;0.32397;-1.04993
-22.82715;31.61621;16.54053
0.30042;0.32947;-1.01453
-17.02881;22.70508;10.98633
0.17590;0.25342;-1.00110
-10.37598;15.93018;5.06592
0.21277;0.28149;-0.97388
-3.05176;7.50732;9.70459
0.18445;0.24390;-0.95935
1.15967;0.00000;3.41797
0.18140;0.26855;-0.95447
3.29590;-0.91553;3.78418
0.17798;0.26404;-0.97913
1.89209;-5.37109;0.36621
0.19873;0.26538;-0.98303
5.12695;-8.66699;-1.22070
0.20959;0.27429;-0.97388
8.97217;-14.83154;-11.53564
0.15344;0.29260;-0.98633
12.51221;-18.31055;-10.86426
0.16772;0.34131;-1.01331
14.95361;-20.08057;-14.58740
0.09497;0.29187;-0.98743
16.96777;-19.83643;-12.87842
0.11865;0.36426;-0.97375
19.10400;-19.34814;-11.84082
0.04187;0.34094;-0.96460
21.42334;-19.89746;-21.97266
0.07800;0.40320;-0.97827
25.08545;-22.76611;-15.68604
0.04541;0.36987;-0.94885
24.04785;-24.90234;-22.46094
-0.14001;0.38867;-0.88501
26.55029;-23.31543;-16.35742
-0.24646;0.46973;-0.73511
21.78955;-18.85986;-12.26807
-0.26062;0.48315;-0.71106
11.77979;-7.50732;-1.83105
-0.21716;0.48499;-0.77185
3.23486;0.12207;-0.79346
-0.09363;0.47937;-0.90454
-1.52588;7.69043;7.08008
-0.11194;0.49011;-0.86206
-6.10352;10.31494;8.05664
-0.07275;0.46375;-0.90710
-7.93457;11.04736;4.45557
-0.09375;0.44360;-0.86694
-7.20215;12.14600;6.83594
-0.06677;0.44788;-0.88086
-7.62939;12.02393;4.02832
-0.04150;0.47693;-0.88477
-8.23975;13.00049;7.26318
-0.05396;0.44141;-0.88550
-13.24463;14.03809;7.32422
-0.03894;0.43237;-0.88953
-18.12744;16.29639;13.61084
-0.04700;0.37732;-0.88306
-22.39990;20.01953;17.02881
-0.03796;0.31812;-0.86145
-25.45166;23.92578;20.14160
-0.03687;0.30530;-0.86426
-25.32959;29.90723;29.29688
0.10913;0.24219;-0.88574
-28.19824;29.29688;21.24023
0.36707;0.42676;-1.33960
-23.01025;33.87451;4.82178
0.21497;0.44702;-0.89160
-23.49854;31.79932;17.15088
0.20020;0.05261;-1.00757
-13.30566;23.62061;6.89697
0.26282;0.31140;-0.93384
3.35693;9.15527;3.90625
0.26379;0.20532;-0.97229
0.54932;-9.52148;-7.50732
0.17285;0.26270;-0.96887
6.83594;-13.36670;-5.73730
0.15906;0.29651;-0.96130
9.39941;-13.36670;-9.21631
0.14685;0.27429;-0.97144
8.54492;-11.84082;-8.05664
0.16589;0.29468;-0.96484
10.62012;-10.74219;-5.49316
0.13635;0.31104;-0.97217
11.10840;-11.10840;-6.34766
0.13940;0.31848;-0.97278
12.14600;-12.45117;-7.99561
0.11792;0.33093;-0.99939
13.67188;-15.13672;-12.14600
0.10205;0.32642;-0.95398
13.67188;-15.93018;-12.51221
0.05676;0.40271;-0.93640
13.12256;-14.22119;-10.07080
0.02332;0.34692;-0.92456
12.02393;-10.86426;-13.54980
0.01123;0.39722;-0.94470
11.96289;-11.59668;-11.16943
0.00916;0.38513;-0.93201
13.54980;-12.69531;-13.36670
0.01147;0.40662;-0.94006
14.40430;-13.85498;-10.19287
-0.00281;0.39990;-0.95020
18.12744;-13.91602;-11.10840
-0.04993;0.41907;-0.89307
21.91162;-13.61084;-10.68115
-0.09949;0.44189;-0.86804
22.33887;-9.76562;-11.04736
-0.20728;0.44373;-0.77881
19.77539;-7.81250;-10.13184
-0.19458;0.51208;-0.72766
8.42285;-2.68555;-4.33350
-0.12756;0.56372;-0.80774
2.50244;2.80762;-0.18311
-0.12244;0.49280;-0.84692
-5.55420;6.59180;5.00488
-0.09692;0.51978;-0.84326
-11.23047;8.05664;10.80322
-0.06311;0.48438;-0.87561
-14.64844;10.37598;10.55908
-0.09033;0.44006;-0.87415
-15.56396;12.26807;10.80322
-0.04041;0.47156;-0.87952
-15.74707;15.50293;16.23535
-0.03198;0.44031;-0.89441
-19.40918;17.15088;11.77979
-0.00037;0.38623;-0.93616
-21.54541;19.89746;19.40918
-0.01099;0.31006;-0.91565
-23.55957;16.54053;27.95410
0.09497;0.50574;-0.87695
-25.26855;18.49365;33.02002
0.04333;0.28662;-0.96594
-24.04785;24.04785;8.42285
0.04419;0.24670;-0.94165
-20.20264;25.45166;22.82715
0.27087;0.29187;-1.00281
-16.23535;26.73340;13.18359
0.23474;0.39880;-1.05920
-15.19775;22.21680;2.01416
0.30554;0.23096;-1.00745
-10.55908;13.61084;1.70898
0.19080;0.22803;-0.94421
-2.92969;4.15039;0.42725
0.21655;0.25964;-0.97400
1.77002;0.06104;-1.40381
0.18982;0.28247;-0.94958
1.89209;-3.96729;-2.74658
0.19678;0.27808;-0.97314
4.33350;-6.22559;-4.69971
0.19446;0.27612;-0.94849
6.04248;-7.14111;-8.48389
0.18420;0.29358;-0.95825
6.83594;-8.54492;-9.03320
0.12341;0.28381;-0.97461
7.93457;-8.17871;-16.41846
0.14343;0.33411;-0.96619
9.64355;-9.39941;-13.48877
0.15588;0.33423;-0.99341
9.76562;-13.61084;-18.31055
0.11731;0.29102;-1.00574
13.54980;-16.54053;-15.93018
0.09290;0.34839;-0.98303
16.41846;-17.88330;-13.91602
0.05615;0.33350;-0.95642
21.36230;-18.37158;-16.96777
0.02881;0.38635;-0.95471
24.04785;-20.50781;-6.04248
0.04224;0.44946;-0.91699
26.67236;-22.03369;-10.55908
-0.02087;0.40332;-0.89929
23.13232;-21.78955;-13.85498
-0.06885;0.46643;-0.83704
21.36230;-18.12744;-6.46973
-0.13940;0.50562;-0.78333
14.46533;-12.45117;-12.93945
-0.19226;0.44885;-0.78394
9.52148;-6.22559;-9.15527
-0.20654;0.42908;-0.79944
3.47900;-3.23486;-3.35693
-0.14355;0.53247;-0.80359
-2.01416;2.13623;3.35693
-0.10132;0.50049;-0.85229
-6.40869;7.01904;3.60107
-0.12903;0.45532;-0.84509
-10.31494;8.11768;6.34766
-0.06140;0.49280;-0.87329
-11.23047;9.39941;10.37598
-0.08887;0.44202;-0.88330
-13.36670;10.92529;6.53076
-0.08289;0.42224;-0.90735
-15.62500;12.32910;17.88330
-0.05090;0.45105;-0.87585
-20.62988;12.39014;22.03369
-0.07947;0.44849;-0.80920
-27.16064;17.15088;20.56885
0.00391;0.29041;-0.94299
-26.97754;23.74268;20.93506
0.05371;0.29297;-0.92078
-25.08545;26.42822;16.05225
0.23560;0.34058;-1.02747
-20.69092;26.97754;6.40869
0.09546;0.31116;-0.96899
-17.51709;22.03369;2.19727
0.21265;0.35022;-1.15576
-10.62012;19.34814;12.57324
0.12891;0.32178;-0.94519
-12.69531;15.50293;-1.52588
0.15015;0.25110;-0.96741
-7.75146;12.20703;6.46973
0.18848;0.23486;-0.98157
-1.64795;7.32422;2.50244
0.18030;0.28381;-0.96521
0.73242;0.48828;-0.18311
0.16492;0.26379;-0.97144
4.27246;-4.02832;-1.34277
0.14148;0.27417;-0.94617
5.24902;-4.15039;-0.91553
0.14929;0.29395;-0.97791
4.82178;-4.33350;-1.89209
0.13208;0.30225;-0.95691
5.43213;-4.15039;0.24414
0.21143;0.33472;-1.00037
7.62939;-6.65283;-6.22559
0.24084;0.28125;-1.00720
13.97705;-14.09912;-32.59277
0.08813;0.31055;-1.04565
24.29199;-21.48438;-27.40479
0.06274;0.36987;-0.95422
27.40479;-23.25439;-21.05713
0.02478;0.42407;-0.92969
25.02441;-22.33887;-9.39941
0.03308;0.38232;-0.94653
24.04785;-21.85059;-10.92529
-0.04370;0.42004;-0.87000
23.80371;-18.92090;-13.97705
-0.10083;0.41321;-0.85718
22.33887;-16.05225;-15.07568
-0.09302;0.46899;-0.85205
19.28711;-14.03809;-10.80322
-0.08984;0.50513;-0.84485
15.93018;-10.92529;-7.50732
-0.17017;0.49646;-0.80615
11.10840;-6.59180;-5.92041
-0.13867;0.53210;-0.79639
6.28662;-2.50244;-3.17383
-0.20789;0.48621;-0.79541
0.61035;2.74658;-1.77002
-0.17981;0.48987;-0.79529
-5.98145;6.04248;2.80762
-0.10474;0.54321;-0.80298
-11.35254;10.13184;10.43701
-0.10876;0.45740;-0.84241
-17.21191;13.73291;6.65283
-0.12366;0.44922;-0.80115
-23.49854;17.33398;13.00049
-0.07861;0.37671;-0.87378
-33.32520;24.41406;1.64795
-0.09424;0.47656;-0.83093
-28.80859;31.86035;17.27295
0.04651;0.34497;-0.95813
-27.89307;32.83691;14.58740
0.06165;0.29126;-0.98938
-30.33447;30.27344;28.25928
0.19104;0.33997;-1.04846
-27.83203;33.20312;26.91650
0.21301;0.36218;-1.02612
-25.32959;29.54102;24.35303
0.22961;0.22144;-0.99268
-15.99121;17.82227;6.04248
0.17542;0.26819;-0.98425
-8.05664;7.44629;0.48828
0.19971;0.27588;-0.98633
-2.44141;-1.83105;-2.01416
0.15820;0.25024;-0.95593
1.15967;-4.15039;-2.38037
0.17529;0.27490;-0.96631
2.86865;-3.78418;0.36621
0.15344;0.26990;-0.96973
2.86865;-3.72314;0.00000
0.15942;0.26685;-0.96912
4.76074;-4.63867;-0.48828
0.19592;0.27393;-1.00061
8.48389;-10.62012;-5.06592
0.18408;0.28540;-1.01770
14.28223;-17.51709;-7.93457
0.17920;0.31567;-1.00354
17.33398;-20.75195;-18.12744
0.08899;0.27515;-0.98865
22.15576;-19.65332;-24.53613
0.01233;0.32520;-0.96863
25.02441;-18.61572;-13.61084
0.06543;0.43799;-0.94568
25.26855;-17.57812;-12.87842
0.02515;0.38232;-0.96289
24.29199;-18.37158;-13.30566
-0.01428;0.42493;-0.87622
20.99609;-20.93506;-8.60596
-0.02820;0.47644;-0.89795
21.05713;-20.08057;-7.44629
-0.10645;0.40869;-0.84912
20.81299;-16.66260;-15.25879
-0.15393;0.45117;-0.83447
18.79883;-12.87842;-9.27734
-0.18774;0.48718;-0.77625
15.86914;-6.34766;-9.15527
-0.20630;0.49365;-0.75610
7.81250;-3.60107;-6.16455
-0.16785;0.55457;-0.78699
1.89209;2.01416;-1.34277
-0.12646;0.54688;-0.82336
-4.21143;7.20215;1.95312
-0.15723;0.48413;-0.83191
-10.00977;9.15527;4.15039
-0.10437;0.51282;-0.84473
-14.22119;12.39014;12.02393
-0.08789;0.43872;-0.87415
-19.95850;14.70947;9.88770
-0.06104;0.45300;-0.88245
-21.30127;13.61084;18.43262
-0.03210;0.43701;-0.88245
-23.19336;15.62500;19.04297
-0.10706;0.34485;-0.90894
-24.04785;20.50781;21.42334
-0.01062;0.33411;-0.89014
-25.57373;26.12305;26.61133
0.03650;0.33508;-0.91077
-27.95410;26.48926;28.07617
0.25952;0.22522;-0.99719
-26.67236;25.69580;14.58740
0.22632;0.49146;-1.18298
-17.33398;21.54541;6.53076
0.11267;0.32104;-0.96643
-17.39502;16.78467;4.39453
0.14539;0.24438;-0.97510
-12.32910;10.43701;9.03320
0.14246;0.25720;-0.96741
-5.61523;7.75146;7.44629
0.17444;0.27710;-0.98608
-4.27246;2.19727;0.42725
0.14478;0.23706;-0.96216
-0.42725;-0.12207;0.48828
0.13904;0.28491;-0.96716
2.25830;-2.31934;-1.22070
0.15491;0.25671;-0.96814
3.41797;-4.08936;-3.05176
0.15662;0.26978;-0.98157
7.01904;-6.59180;-5.06592
0.12463;0.25537;-0.98438
11.53564;-10.74219;-8.05664
0.14282;0.29492;-0.98950
15.13672;-13.42773;-6.77490
0.12939;0.36450;-1.00110
15.50293;-15.38086;-7.87354
0.07593;0.31628;-0.98877
17.82227;-15.62500;-12.39014
0.06311;0.36560;-0.95984
18.43262;-16.23535;-11.65771
0.06738;0.40540;-0.99365
19.53125;-17.33398;-19.16504
0.02637;0.35999;-0.97021
21.91162;-19.83643;-19.28711
-0.02136;0.39038;-0.91675
21.30127;-22.52197;-16.84570
-0.02026;0.45618;-0.93542
20.20264;-21.85059;-18.06641
-0.07532;0.45813;-0.85645
19.77539;-22.15576;-17.27295
-0.16357;0.41113;-0.83618
17.94434;-18.79883;-13.24463
-0.25195;0.45068;-0.75195
12.39014;-13.30566;-6.53076
-0.31714;0.46558;-0.69153
6.89697;-5.06592;-5.67627
-0.18066;0.52527;-0.81824
0.24414;5.55420;3.23486
-0.17444;0.48889;-0.81946
-5.92041;12.69531;4.94385
-0.12439;0.51062;-0.86316
-9.82666;14.09912;10.62012
-0.11011;0.46606;-0.85132
-12.14600;16.90674;9.64355
-0.11853;0.45044;-0.84558
-16.11328;16.96777;12.20703
-0.07397;0.44788;-0.89026
-18.73779;20.50781;10.86426
-0.00598;0.40857;-0.96960
-19.53125;22.70508;10.19287
-0.05286;0.40234;-0.88379
-21.85059;21.78955;13.73291
-0.00171;0.37000;-0.91602
-23.80371;25.32959;17.94434
0.01624;0.31128;-0.92017
-23.62061;24.35303;23.49854
0.14441;0.33350;-1.00037
-23.74268;27.09961;22.88818
0.16553;0.30762;-1.03772
-20.50781;24.41406;13.00049
0.15271;0.34595;-0.96265
-18.06641;21.54541;12.63428
0.22058;0.25610;-1.01685
-9.33838;14.22119;3.23486
0.17786;0.29187;-0.97668
-4.45557;5.12695;0.18311
0.16553;0.22693;-0.98926
-0.36621;-1.89209;-2.92969
0.15625;0.27173;-0.96252
3.11279;-2.68555;-0.36621
0.14392;0.28540;-0.97290
4.21143;-4.45557;-2.25830
0.13672;0.27417;-0.96814
6.34766;-4.76074;-1.09863
0.14978;0.29907;-0.97607
8.60596;-8.66699;-2.99072
0.15649;0.29883;-0.99573
10.86426;-12.87842;-5.92041
0.17542;0.33728;-1.00464
15.62500;-18.00537;-14.95361
0.10254;0.31079;-1.01086
19.83643;-21.24023;-20.38574
0.09973;0.38611;-1.01746
24.84131;-22.21680;-20.99609
0.02563;0.38098;-0.95166
27.03857;-22.39990;-24.59717
-0.00732;0.35779;-0.93396
28.80859;-24.04785;-18.73779
-0.08362;0.41907;-0.88525
28.25928;-23.86475;-16.54053
-0.04785;0.47375;-0.87622
26.30615;-21.24023;-13.42773
-0.19653;0.46021;-0.79480
20.81299;-16.23535;-9.03320
-0.22314;0.49133;-0.74695
13.85498;-13.91602;-8.66699
-0.22583;0.56128;-0.74182
5.73730;-7.20215;-3.35693
-0.15308;0.54785;-0.84888
1.03760;-1.34277;-1.52588
-0.17834;0.47424;-0.83838
-3.41797;2.38037;2.44141
-0.16040;0.51514;-0.83276
-7.56836;5.06592;8.48389
-0.13159;0.50159;-0.83667
-9.64355;11.65771;6.46973
-0.16162;0.43396;-0.84021
-12.26807;14.28223;3.11279
-0.08911;0.50586;-0.86646
-15.19775;16.60156;13.12256
-0.07739;0.45557;-0.87744
-20.56885;19.04297;7.14111
-0.10352;0.42529;-0.86792
-23.80371;21.60645;18.00537
-0.12659;0.30054;-0.85718
-28.68652;22.09473;28.01514
0.05530;0.44214;-0.89368
-32.16553;25.32959;37.71973
0.04480;0.31531;-0.88574
-30.33447;29.78516;11.96289
0.09924;0.21021;-1.00171
-26.36719;32.59277;12.32910
0.18225;0.30994;-1.01648
-25.93994;30.33447;9.39941
0.26990;0.37122;-1.09302
-16.35742;25.87891;3.05176
0.18896;0.23621;-0.97571
-14.64844;15.86914;5.67627
0.21753;0.21362;-0.96655
-2.92969;5.98145;5.12695
0.20007;0.24585;-0.97009
1.70898;-4.15039;-2.62451
0.17834;0.22766;-0.97571
6.59180;-8.54492;-5.18799
0.15759;0.28284;-0.97327
8.48389;-10.37598;-6.89697
0.15405;0.27332;-0.98047
10.55908;-13.06152;-8.23975
0.13477;0.29407;-0.98376
14.89258;-14.70947;-8.91113
0.12573;0.33826;-1.00073
18.43262;-16.35742;-8.66699
0.10669;0.31372;-1.00464
22.94922;-17.63916;-13.61084
0.12170;0.39880;-1.00842
27.95410;-21.11816;-16.72363
0.06641;0.39331;-0.98438
30.82275;-23.55957;-21.54541
0.01318;0.36487;-0.92712
31.43311;-24.41406;-20.99609
-0.00903;0.41675;-0.86707
29.47998;-22.82715;-13.00049
-0.06445;0.45520;-0.82703
26.12305;-20.87402;-13.67188
-0.12878;0.54260;-0.81531
20.56885;-14.77051;-7.69043
-0.19116;0.45984;-0.78198
15.68604;-8.72803;-14.16016
-0.16064;0.51270;-0.80359
10.86426;-6.34766;-3.11279
-0.22827;0.50085;-0.75037
5.79834;-0.97656;-5.79834
-0.19653;0.51819;-0.77502
-1.22070;2.80762;1.09863
-0.14819;0.51855;-0.83582
-5.06592;9.33838;3.35693
-0.16370;0.52222;-0.78723
-9.33838;11.90186;7.56836
-0.10217;0.52551;-0.83545
-14.28223;14.64844;8.30078
-0.10571;0.47644;-0.84656
-17.94434;15.80811;12.87842
-0.07886;0.47400;-0.86145
-19.83643;16.60156;17.82227
-0.07373;0.43982;-0.82849
-22.58301;23.68164;17.15088
-0.05457;0.38464;-0.87671
-26.73340;24.90234;17.63916
0.04175;0.36328;-0.93884
-30.76172;34.11865;24.65820
0.13501;0.35620;-1.02808
-32.83691;32.65381;26.36719
0.21545;0.37634;-1.08838
-25.69580;28.80859;14.34326
0.22437;0.33801;-0.99744
-20.01953;24.65820;24.16992
0.15369;0.27893;-0.96497
-16.05225;16.54053;1.83105
0.18872;0.27478;-0.95374
-5.98145;9.58252;11.10840
0.20752;0.29700;-0.99170
-1.03760;3.41797;0.48828
0.18311;0.29382;-0.94543
-2.50244;2.07520;0.48828
0.18420;0.28210;-0.95361
-0.61035;1.46484;0.91553
0.19592;0.27075;-0.96423
2.38037;-2.92969;-1.70898
0.19824;0.28516;-0.97021
5.85938;-10.00977;-2.92969
0.19446;0.27124;-0.98315
11.23047;-17.70020;-10.00977
0.17944;0.33179;-0.99622
15.62500;-23.07129;-13.48877
0.16614;0.31775;-0.99365
18.67676;-26.55029;-17.63916
0.10718;0.34460;-0.97583
20.08057;-25.26855;-17.88330
0.08411;0.39636;-0.96631
21.17920;-24.10889;-19.34814
0.01868;0.38965;-0.96143
22.27783;-22.82715;-21.54541
-0.00354;0.40747;-0.94495
24.59717;-23.07129;-16.47949
-0.00427;0.44299;-0.93335
26.48926;-23.01025;-13.54980
-0.11389;0.42810;-0.87866
25.45166;-21.24023;-14.77051
-0.10120;0.47925;-0.83557
24.04785;-18.37158;-10.98633
-0.17554;0.46130;-0.77307
19.83643;-13.79395;-12.39014
-0.20801;0.53638;-0.74622
12.93945;-10.98633;-11.16943
-0.25012;0.52930;-0.73071
5.98145;-5.18799;-10.19287
-0.23376;0.54260;-0.78040
1.40381;-1.64795;-3.23486
-0.19922;0.52161;-0.82373
-2.92969;5.06592;0.73242
-0.21521;0.50073;-0.80664
-8.66699;9.03320;7.99561
-0.15930;0.54773;-0.78955
-11.47461;14.52637;11.23047
-0.15527;0.47742;-0.84021
-16.41846;15.19775;9.27734
-0.11108;0.47778;-0.87280
-18.43262;17.45605;17.02881
-0.08459;0.47778;-0.87195
-21.54541;21.05713;16.90674
-0.09546;0.37866;-0.89575
-23.62061;23.98682;20.20264
-0.08826;0.36584;-0.88342
-27.83203;21.60645;28.07617
-0.04578;0.39514;-0.75867
-31.06689;30.94482;33.56934
0.18738;0.25854;-1.03406
-29.05273;33.50830;23.80371
0.14368;0.38904;-1.04858
-22.70508;35.27832;22.52197
0.38843;0.46680;-1.07593
-20.62988;30.88379;12.51221
0.15503;0.29211;-0.99060
-19.65332;22.76611;10.31494
0.19604;0.20398;-0.96362
-6.40869;14.70947;9.88770
0.20618;0.30847;-0.95471
-0.79346;1.52588;-0.73242
0.19775;0.25854;-0.96606
2.31934;-5.06592;-2.44141
0.17163;0.28259;-0.96265
3.78418;-7.87354;-4.21143
0.16028;0.30603;-0.95959
4.94385;-9.76562;-5.18799
0.14624;0.28833;-0.94250
5.18799;-9.09424;-2.31934
0.14526;0.32068;-0.96973
6.46973;-10.74219;-4.76074
0.15222;0.31506;-0.96667
8.30078;-12.08496;-4.69971
0.16138;0.31885;-0.98596
11.53564;-15.56396;-12.08496
0.09216;0.32581;-0.97876
12.93945;-18.49365;-14.34326
0.06702;0.36206;-0.96582
15.93018;-19.77539;-12.69531
0.05811;0.38159;-0.98535
17.70020;-19.71436;-17.02881
0.03674;0.41113;-0.94836
20.01953;-19.40918;-10.00977
0.02246;0.35962;-0.96753
20.81299;-20.62988;-18.85986
-0.06311;0.38977;-0.90845
23.43750;-22.27783;-16.78467
-0.04565;0.45251;-0.90344
25.69580;-19.95850;-16.54053
-0.16101;0.42810;-0.85474
23.13232;-17.51709;-21.85059
-0.18481;0.52893;-0.77002
20.99609;-9.76562;-8.91113
-0.19568;0.51953;-0.74268
14.58740;-1.58691;-9.82666
-0.30420;0.41968;-0.74780
5.67627;-0.79346;-9.09424
-0.11926;0.57239;-0.85242
1.28174;2.86865;7.01904
-0.14941;0.52039;-0.82922
-4.08936;6.59180;2.38037
-0.18127;0.49561;-0.81995
-9.58252;10.00977;6.16455
-0.14856;0.50525;-0.80359
-12.57324;13.67188;11.84082
-0.10339;0.49353;-0.84888
-17.39502;17.21191;14.03809
-0.08911;0.45752;-0.88684
-19.16504;19.16504;16.35742
-0.06311;0.46082;-0.87866
-21.05713;19.89746;23.19336
-0.10669;0.31226;-0.87000
-26.36719;21.66748;24.71924
-0.01953;0.36230;-0.86047
-32.83691;23.92578;48.58398
0.13171;0.47791;-0.91321
-31.18896;31.00586;43.09082
0.12939;0.21838;-1.01782
-27.77100;32.34863;3.17383
0.26562;0.31323;-1.06006
-22.76611;24.23096;4.63867
0.24500;0.49121;-1.07825
-14.09912;20.32471;3.47900
0.12939;0.23816;-0.94165
-13.67188;11.71875;-2.50244
0.18616;0.25293;-0.99500
-5.37109;8.66699;2.74658
0.18750;0.31677;-0.95374
-3.90625;2.86865;-1.52588
0.17615;0.23206;-0.96692
-2.99072;2.44141;-0.06104
0.15808;0.28601;-0.95312
0.30518;1.15967;-0.24414
0.18347;0.26001;-0.96179
1.34277;-0.06104;-0.30518
0.17175;0.26306;-0.95837
2.92969;-2.80762;-0.85449
0.15259;0.27307;-0.95129
3.72314;-3.60107;-0.79346
0.18445;0.27942;-0.96362
5.24902;-4.69971;-0.24414
0.15417;0.27612;-0.97437
7.87354;-7.69043;-0.91553
0.21606;0.28906;-0.99548
11.96289;-15.13672;-6.16455
0.16895;0.34753;-1.01904
20.26367;-22.52197;-10.43701
0.22913;0.37024;-1.06873
22.09473;-31.43311;-27.16064
0.09900;0.32007;-1.01025
27.46582;-35.88867;-40.58838
0.00098;0.37512;-0.92297
30.51758;-31.92139;-25.75684
-0.13892;0.37549;-0.85034
28.74756;-27.16064;-20.81299
-0.10144;0.43127;-0.82507
27.09961;-22.88818;-14.64844
-0.15308;0.47144;-0.81628
23.62061;-15.38086;-18.12744
-0.17542;0.48352;-0.82019
20.20264;-10.86426;-11.23047
-0.18933;0.48901;-0.83105
14.46533;-8.66699;-4.45557
-0.20801;0.50916;-0.78784
8.72803;-7.93457;-3.35693
-0.16968;0.54285;-0.82056
4.88281;-3.90625;-0.91553
-0.20557;0.50964;-0.81970
0.54932;2.13623;-0.30518
-0.20251;0.50525;-0.79614
-3.41797;5.92041;3.72314
-0.14941;0.55237;-0.81079
-7.50732;10.07080;8.23975
-0.17773;0.46692;-0.82520
-12.02393;13.48877;4.02832
-0.16699;0.46497;-0.84192
-14.09912;14.58740;10.62012
-0.10901;0.50049;-0.84436
-17.02881;18.00537;12.32910
-0.08569;0.46765;-0.87366
-20.81299;22.39990;12.69531
-0.05444;0.46924;-0.86487
-25.26855;26.42822;11.47461
-0.10510;0.37463;-0.91675
-29.35791;27.52686;6.95801
-0.04980;0.33630;-0.85327
-27.03857;31.31104;22.15576
-0.00671;0.31958;-0.87061
-28.25928;34.36279;24.71924
0.15833;0.29858;-1.04041
-26.79443;34.54590;20.44678
0.43787;0.52661;-1.25452
-18.79883;31.31104;20.62988
0.14526;0.31641;-0.92310
-16.90674;15.38086;6.59180
0.13062;0.20911;-0.96692
-8.72803;12.14600;4.82178
0.21680;0.31897;-0.97864
-1.52588;4.15039;1.03760
0.16968;0.26648;-0.95752
-0.54932;-1.95312;-0.85449
0.13782;0.28162;-0.96301
2.50244;-2.56348;-0.24414
0.15796;0.29138;-0.95105
2.01416;-0.97656;-0.36621
0.15173;0.27710;-0.95032
1.52588;-0.24414;0.30518
0.16785;0.27307;-0.96643
2.99072;-1.40381;0.18311
0.16772;0.28210;-0.96191
4.76074;-3.96729;-1.22070
0.15918;0.28650;-0.98303
7.87354;-8.66699;-3.90625
0.16565;0.31616;-0.98584
10.92529;-15.13672;-7.20215
0.12842;0.30933;-0.99768
13.97705;-20.20264;-9.82666
0.13232;0.38269;-0.98572
16.11328;-21.72852;-11.77979
0.07275;0.34070;-0.98425
16.72363;-22.52197;-18.24951
0.02905;0.36548;-0.93921
17.70020;-23.37646;-16.05225
0.05042;0.40601;-0.98926
20.99609;-23.13232;-20.62988
-0.00549;0.37915;-0.97595
22.94922;-25.32959;-23.37646
0.00085;0.43933;-0.97107
26.24512;-28.13721;-15.62500
-0.08350;0.41577;-0.89026
25.63477;-29.11377;-17.08984
-0.15540;0.47778;-0.83215
24.84131;-24.53613;-8.97217
-0.27185;0.45154;-0.72791
18.79883;-16.60156;-8.91113
-0.28784;0.49219;-0.71448
13.18359;-9.27734;-7.93457
-0.22693;0.53845;-0.77710
9.33838;-1.83105;-6.04248
-0.29321;0.45837;-0.78577
0.12207;0.48828;-3.47900
-0.19739;0.57385;-0.81348
-3.90625;3.54004;7.62939
-0.18042;0.52698;-0.81909
-7.62939;7.87354;4.82178
-0.24426;0.46301;-0.80981
-13.36670;11.10840;6.40869
-0.20947;0.51245;-0.78247
-16.17432;17.94434;15.25879
-0.14197;0.46667;-0.84326
-20.56885;22.52197;13.00049
-0.11633;0.40942;-0.88440
-21.91162;25.75684;13.18359
-0.09485;0.44727;-0.90149
-25.20752;30.45654;14.58740
-0.06189;0.40906;-0.86108
-24.47510;37.17041;20.99609
0.01208;0.33850;-0.88477
-26.97754;38.39111;24.35303
0.06775;0.30664;-0.95618
-27.46582;37.10938;25.75684
0.15100;0.30579;-0.95374
-26.55029;30.63965;16.47949
0.35559;0.50708;-1.29578
-13.12256;21.85059;6.83594
0.10925;0.31531;-0.90173
-12.69531;13.24463;6.04248
0.13574;0.24756;-0.97131
-5.67627;11.84082;5.00488
0.18311;0.34143;-0.97131
-2.01416;7.87354;4.57764
0.16760;0.26440;-0.96216
-2.50244;4.15039;3.78418
0.16418;0.28577;-0.95117
1.64795;1.89209;1.09863
0.16064;0.30188;-0.95312
2.56348;0.06104;0.48828
0.16162;0.27563;-0.95740
2.74658;-3.11279;-0.79346
0.14648;0.30029;-0.96204
3.96729;-4.33350;-1.28174
0.17664;0.28418;-0.96936
5.85938;-6.04248;-2.56348
0.16418;0.31897;-0.97998
8.36182;-10.74219;-5.73730
0.16260;0.28333;-0.98279
12.14600;-17.15088;-9.64355
0.16113;0.33887;-0.97998
15.93018;-19.77539;-8.30078
0.12805;0.38794;-0.98120
17.27295;-21.24023;-14.16016
0.07715;0.35828;-0.99048
19.59229;-23.49854;-17.08984
0.04333;0.36206;-0.96265
20.75195;-21.78955;-24.41406
-0.03918;0.38196;-0.94360
24.29199;-21.36230;-25.14648
-0.00586;0.44019;-0.93579
26.42822;-24.84131;-20.99609
-0.09375;0.43079;-0.88550
25.75684;-24.90234;-15.50293
-0.12122;0.49060;-0.82178
21.72852;-19.47021;-7.93457
-0.17114;0.51538;-0.77478
17.21191;-15.68604;-11.35254
-0.19324;0.50085;-0.77600
12.14600;-9.21631;-7.20215
-0.22168;0.50232;-0.77832
5.67627;-6.10352;-3.72314
-0.23657;0.49451;-0.77881
1.34277;-3.72314;-2.62451
-0.20605;0.53662;-0.78845
-1.70898;2.07520;1.03760
-0.23865;0.47278;-0.80200
-6.34766;8.60596;-0.48828
-0.19653;0.51514;-0.79236
-8.85010;14.40430;7.87354
-0.16907;0.49536;-0.81360
-14.03809;18.79883;7.75146
-0.17798;0.42322;-0.76282
-19.34814;20.81299;13.91602
-0.11450;0.47717;-0.87073
-23.01025;27.16064;23.07129
-0.03247;0.40771;-0.89111
-26.00098;35.33936;14.34326
0.03967;0.38831;-0.99316
-23.80371;34.54590;27.16064
0.06848;0.36890;-0.92615
-26.18408;33.14209;16.84570
0.08618;0.35754;-0.96240
-27.16064;30.82275;21.30127
0.24878;0.48779;-1.12439
-22.46094;30.63965;18.55469
0.13208;0.32141;-0.93555
-22.33887;24.29199;11.29150
0.26575;0.19727;-1.04675
-17.15088;19.28711;10.31494
0.18127;0.28113;-0.95154
-8.05664;13.61084;5.24902
0.19312;0.27380;-0.94861
-6.10352;11.29150;8.66699
0.18884;0.25720;-0.95459
-2.86865;4.51660;2.99072
0.20215;0.27039;-0.94336
-0.06104;1.89209;2.38037
0.21509;0.26208;-0.95288
2.38037;-6.10352;-4.27246
0.17834;0.27197;-0.95813
6.40869;-9.58252;-6.28662
0.20667;0.26599;-0.97815
7.26318;-16.17432;-8.17871
0.14050;0.30969;-0.96765
12.87842;-17.21191;-7.44629
0.12878;0.30713;-0.98242
15.62500;-18.85986;-8.54492
0.09497;0.35352;-0.96240
15.56396;-18.55469;-5.31006
0.12732;0.39465;-0.98010
15.68604;-18.55469;-5.24902
0.04395;0.37170;-0.95288
14.46533;-19.40918;-8.97217
0.06348;0.37109;-0.95337
15.13672;-18.43262;-6.04248
0.01355;0.39795;-0.96167
18.55469;-18.00537;-12.20703
-0.00464;0.42712;-0.95020
22.33887;-17.94434;-9.58252
-0.00928;0.40820;-0.94373
25.63477;-19.95850;-17.33398
-0.06567;0.43433;-0.92065
28.13721;-20.50781;-20.56885
-0.12964;0.46301;-0.81616
25.63477;-19.40918;-17.33398
-0.19812;0.51733;-0.74951
18.06641;-13.12256;-11.16943
-0.15552;0.55530;-0.76880
13.54980;-6.22559;-4.88281
-0.18701;0.51343;-0.78601
5.43213;-3.47900;-4.39453
-0.17236;0.54102;-0.80334
0.18311;0.97656;3.60107
-0.15723;0.53613;-0.78931
-5.85938;4.88281;4.82178
-0.16064;0.51855;-0.81079
-8.54492;8.05664;4.94385
-0.14429;0.48328;-0.85864
-11.23047;10.00977;6.10352
-0.11682;0.50342;-0.83667
-14.16016;13.36670;9.70459
-0.16675;0.44495;-0.79053
-18.79883;16.35742;9.94873
-0.11243;0.46692;-0.84534
-25.45166;21.17920;15.25879
-0.05408;0.40820;-0.85437
-28.13721;29.47998;25.39062
0.02063;0.35388;-0.93127
-31.06689;30.27344;31.61621
0.07996;0.34412;-0.95447
-29.78516;30.33447;30.21240
0.20911;0.33801;-1.12146
-28.19824;25.51270;16.47949
0.18896;0.47705;-1.06262
-17.70020;22.88818;5.31006
0.13147;0.29749;-0.94775
-18.85986;14.64844;3.47900
0.17249;0.26111;-0.99683
-12.51221;10.68115;4.63867
0.13806;0.29578;-0.94653
-9.03320;7.20215;5.73730
0.15247;0.27332;-0.95740
-9.09424;7.01904;2.68555
0.14050;0.28784;-0.97180
-8.11768;10.80322;2.62451
0.17542;0.26172;-0.96765
-7.69043;10.25391;5.37109
0.19043;0.22766;-0.96497
-4.51660;4.51660;2.01416
0.19470;0.24524;-0.95752
0.24414;0.85449;-0.06104
0.19385;0.23523;-0.96912
4.15039;-5.37109;-4.51660
0.18396;0.26160;-0.99866
8.66699;-12.87842;-8.48389
0.15784;0.28613;-0.98230
15.44189;-20.26367;-14.70947
0.12341;0.28455;-1.00085
20.20264;-23.25439;-15.62500
0.14734;0.33264;-1.00134
25.51270;-24.53613;-13.06152
0.08948;0.36890;-0.99109
25.93994;-24.90234;-16.90674
0.07385;0.38708;-0.96252
26.42822;-24.29199;-13.54980
0.01929;0.42297;-0.95117
25.87891;-21.78955;-14.09912
-0.04736;0.41724;-0.91040
24.78027;-21.36230;-12.08496
-0.10730;0.41895;-0.87378
21.91162;-20.32471;-12.63428
-0.12170;0.47754;-0.84399
18.92090;-15.38086;-6.53076
-0.13171;0.47717;-0.80322
15.99121;-12.20703;-8.23975
-0.15369;0.47107;-0.80847
12.51221;-8.05664;-6.28662
-0.23242;0.48352;-0.77722
4.39453;-4.88281;-3.41797
-0.14600;0.53467;-0.83228
2.31934;2.50244;-0.48828
-0.20215;0.48181;-0.78699
-3.54004;9.39941;0.18311
-0.16187;0.51379;-0.79480
-10.31494;14.77051;8.66699
-0.14050;0.46692;-0.80493
-16.66260;20.38574;13.73291
-0.14075;0.44458;-0.81189
-20.93506;24.47510;20.56885
-0.04248;0.41052;-0.87866
-23.74268;28.44238;26.18408
-0.04565;0.32837;-0.83093
-31.55518;27.09961;30.27344
0.14575;0.44385;-1.03320
-26.30615;34.72900;35.03418
0.16064;0.37000;-1.02271
-24.65820;31.67725;10.74219
0.19434;0.40833;-1.06641
-17.76123;22.33887;7.38525
0.18140;0.32104;-0.98645
-11.96289;9.82666;3.78418
0.14978;0.26453;-0.93872
-5.49316;2.01416;4.88281
0.11963;0.34253;-0.94312
-3.29590;-0.30518;-0.67139
0.11646;0.32361;-0.92847
-3.47900;2.92969;-1.89209
0.12903;0.31812;-0.94263
-6.71387;7.50732;3.90625
0.13245;0.31934;-0.95630
-7.14111;7.69043;4.27246
0.13513;0.29480;-0.94556
-6.16455;5.61523;3.47900
0.15930;0.28833;-0.97620
-4.27246;5.18799;4.57764
0.14941;0.28394;-0.95300
-3.17383;4.51660;0.61035
0.17810;0.28235;-0.97253
-1.70898;2.80762;0.97656
0.15381;0.28882;-0.94202
-0.67139;1.40381;0.97656
0.16089;0.27502;-0.95886
15.56396;1.28174;0.48828
0.15833;0.28906;-0.95264
0.42725;1.09863;-0.61035
0.16321;0.28088;-0.95544
-0.24414;0.54932;-0.67139
0.16260;0.27979;-0.95105
-0.18311;-0.18311;-1.89209
0.15442;0.28979;-0.95422
-0.12207;0.00000;-0.67139
0.15308;0.27930;-0.95142
-0.54932;0.18311;-1.52588
0.15710;0.29773;-0.94287
-0.36621;1.09863;0.67139
0.16248;0.27441;-0.95959
-0.61035;0.97656;-0.97656
0.16150;0.28613;-0.95422
-0.48828;1.46484;0.48828
0.16028;0.27356;-0.96216
-0.30518;0.79346;0.06104
0.16052;0.28308;-0.95361
0.12207;0.91553;0.24414
0.16052;0.27466;-0.95483
0.54932;1.03760;0.54932
0.15613;0.27747;-0.95715
0.73242;0.67139;-0.30518
0.15918;0.29004;-0.95410
0.61035;0.85449;0.54932
0.15479;0.27637;-0.95508
0.12207;1.40381;0.61035
0.15918;0.28809;-0.95215
0.30518;1.58691;0.48828
0.16077;0.28381;-0.95654
0.12207;1.22070;-0.54932
0.15918;0.28650;-0.95044
-0.18311;1.28174;-0.18311
0.16272;0.28088;-0.95337
-0.24414;1.09863;0.24414
0.15857;0.28235;-0.95312
-0.18311;0.97656;-0.06104
0.16052;0.28186;-0.95361
-0.12207;1.28174;0.12207
0.15442;0.27832;-0.95105
-0.24414;1.34277;-0.18311
0.16321;0.27979;-0.95483
-0.12207;2.01416;0.48828
0.16431;0.27734;-0.95142
-0.12207;1.52588;-0.18311
0.16406;0.28259;-0.95251
0.06104;1.22070;0.00000
0.16150;0.27856;-0.95691
-0.06104;1.09863;0.18311
0.16467;0.28101;-0.94934
0.06104;1.34277;0.48828
0.16492;0.27881;-0.95325
0.24414;1.70898;1.03760
0.16479;0.28174;-0.95447
0.30518;1.03760;0.06104
0.16687;0.28442;-0.95105
0.48828;1.28174;0.30518
0.16602;0.28027;-0.95752
0.48828;0.61035;-0.36621
0.16223;0.28540;-0.94873
0.30518;0.97656;0.30518
0.17004;0.27979;-0.95312
0.30518;1.22070;0.30518
0.16467;0.28174;-0.95630
0.06104;1.40381;0.00000
0.16785;0.28552;-0.94788
0.06104;2.01416;0.36621
0.16797;0.28027;-0.95361
0.24414;1.77002;0.79346
0.17175;0.28088;-0.94678
0.12207;1.83105;0.73242
0.16711;0.28149;-0.95056
0.54932;1.52588;0.97656
0.17566;0.27722;-0.95459
0.54932;0.79346;0.12207
0.16895;0.28503;-0.94690
0.48828;0.54932;0.48828
0.17090;0.27881;-0.94922
0.67139;0.18311;-0.18311
