0.21436;0.10388;-0.97095
2.25830;-1.40381;3.41797
0.21606;0.12720;-0.97864
2.31934;-2.50244;3.78418
0.24280;0.12964;-1.00720
3.29590;-3.35693;2.80762
0.31104;0.18982;-0.98157
5.61523;-15.44189;8.36182
0.23230;0.08301;-1.01160
2.80762;-21.11816;5.73730
0.24426;0.13818;-1.02490
2.74658;-24.84131;7.69043
0.18604;0.14819;-1.00012
1.58691;-26.24512;8.66699
0.09302;0.11853;-0.95264
0.54932;-22.70508;16.11328
0.14722;0.20593;-1.00891
-0.12207;-20.20264;30.45654
0.17004;0.21118;-0.93860
-6.34766;-18.92090;34.36279
-0.01343;-0.00696;-1.05493
-10.37598;-30.09033;20.32471
-0.04407;0.02100;-1.10730
-10.92529;-40.58838;6.53076
-0.09460;0.11316;-0.91565
-2.19727;-31.25000;-17.51709
-0.33533;-0.00464;-0.89551
-0.00000;-13.97705;-14.52637
-0.22668;0.10010;-0.91931
-0.61035;-1.28174;-0.36621
-0.17200;0.12878;-0.91553
1.52588;14.28223;3.41797
-0.08997;0.06213;-0.99280
0.97656;20.26367;8.42285
0.07153;0.10999;-1.03662
-1.77002;14.40430;7.01904
-0.06738;0.06763;-0.98096
-1.46484;11.47461;-0.18311
-0.02148;0.03577;-0.99219
-0.61035;10.19287;0.36621
-0.09290;-0.01697;-0.96436
1.40381;13.67188;-3.90625
0.07568;0.12793;-0.98853
4.27246;15.50293;-3.66211
-0.30859;0.03821;-0.76392
-0.12207;21.24023;-12.69531
0.25854;0.13245;-1.04700
3.78418;20.81299;-5.12695
0.12341;0.15405;-0.96924
-0.42725;18.00537;-7.69043
0.14062;-0.00073;-1.03760
0.91553;23.68164;-1.40381
0.12988;0.18274;-0.94434
-2.07520;15.74707;-0.97656
0.07239;0.04211;-0.93628
-2.74658;27.89307;-4.69971
0.24500;0.10425;-1.04248
-1.03760;21.60645;-2.31934
0.20166;0.11499;-1.00317
-1.40381;19.89746;-4.51660
0.30444;0.14185;-1.06665
-4.51660;7.01904;-7.38525
0.15869;0.03064;-1.01428
-1.58691;8.60596;-2.62451
0.22754;0.08655;-0.99292
0.42725;7.50732;0.42725
0.16003;0.04675;-1.00708
1.58691;3.05176;1.34277
0.26221;0.07300;-1.00146
5.24902;-3.05176;1.58691
0.30359;0.15576;-1.07898
7.56836;-16.66260;7.93457
0.23987;0.18091;-1.03259
4.08936;-30.57861;7.32422
0.17041;0.02148;-1.07178
2.19727;-31.92139;16.29639
0.09619;0.11511;-1.00024
2.99072;-30.09033;23.80371
-0.00671;0.11304;-0.89551
0.97656;-25.51270;11.53564
0.07080;0.02649;-0.99695
0.85449;-18.85986;13.12256
0.08069;0.11365;-0.98499
-1.22070;-19.77539;9.46045
0.09277;0.07812;-0.97876
-3.60107;-24.35303;6.77490
-0.10229;0.05566;-0.94275
-4.76074;-30.02930;-2.80762
-0.03992;0.04517;-0.97278
-3.11279;-24.04785;-4.39453
-0.06323;0.02917;-0.94104
-1.95312;-21.48438;-8.23975
-0.15906;0.05627;-0.97083
0.06104;-13.54980;-13.91602
-0.25378;0.03687;-0.95789
-0.85449;-5.61523;-5.67627
-0.24377;0.04419;-0.94434
-0.79346;3.47900;-2.68555
-0.12646;0.06921;-0.98352
-0.97656;13.36670;1.70898
-0.02393;0.10547;-0.99780
0.97656;16.05225;3.05176
-0.14856;0.11829;-0.94104
0.24414;11.96289;-0.61035
-0.11328;-0.00513;-0.99866
-0.97656;10.25391;3.90625
-0.17224;0.00696;-0.96228
0.18311;10.00977;4.57764
-0.17395;-0.01904;-0.89514
3.84521;19.22607;1.15967
-0.33923;-0.03467;-0.82617
5.43213;23.25439;-1.03760
-0.11987;-0.13257;-0.88184
15.68604;47.97363;7.81250
0.71179;0.38074;-1.28479
3.23486;37.47559;0.97656
0.22595;0.13428;-1.08069
-4.45557;27.83203;-5.43213
0.19897;0.06384;-1.03772
-5.49316;10.74219;5.73730
0.08203;0.03015;-0.97803
-1.40381;13.00049;-10.80322
0.09766;0.01855;-0.94495
-0.18311;13.67188;-7.75146
0.35864;0.16919;-1.22095
4.45557;4.57764;-10.25391
0.05493;0.08289;-0.97180
-4.57764;7.87354;-9.39941
0.26855;0.03955;-1.04297
1.15967;3.84521;-0.30518
0.16528;0.06763;-1.01343
-0.36621;-2.56348;0.97656
0.24939;0.17334;-1.06970
3.11279;-12.20703;2.31934
0.18579;0.14355;-1.04968
4.08936;-22.21680;5.43213
0.13818;-0.03442;-1.06360
1.77002;-24.29199;6.40869
0.20630;0.08167;-1.01221
1.15967;-18.85986;15.38086
0.13074;0.01770;-1.00549
0.12207;-15.68604;11.65771
-0.02441;0.12402;-0.88330
-1.95312;-17.33398;14.64844
0.02417;0.10168;-0.99158
-5.24902;-20.56885;15.07568
0.04236;0.12939;-0.89893
-5.06592;-20.50781;5.12695
-0.13037;-0.02905;-0.91187
-4.08936;-16.72363;-5.73730
-0.13684;-0.00537;-0.95264
-2.62451;-16.41846;-4.63867
-0.08044;0.11133;-0.95557
-1.09863;-15.99121;-2.68555
-0.20581;-0.05359;-0.98608
-2.01416;-15.68604;-2.80762
-0.16223;0.06702;-0.96130
4.08936;-4.39453;-1.34277
-0.08057;0.09253;-1.00696
1.46484;0.91553;3.90625
-0.12524;0.09302;-0.96912
-0.91553;6.22559;2.74658
-0.13684;0.02136;-0.99634
-0.97656;11.23047;5.49316
-0.04626;0.04626;-0.99377
2.07520;13.79395;2.44141
-0.12732;0.00012;-0.98474
2.62451;13.97705;1.89209
-0.24084;0.02087;-0.91602
4.94385;19.83643;-2.44141
-0.45312;-0.14893;-0.90613
-2.38037;18.79883;-8.36182
-0.01172;0.16174;-0.81506
8.72803;23.43750;-9.21631
0.05603;-0.15039;-1.03845
5.55420;38.63525;-10.74219
0.40833;0.48975;-1.04944
3.54004;44.61670;1.77002
0.19739;-0.03796;-1.19385
-7.01904;28.50342;-13.48877
0.19202;0.15540;-0.99780
-3.11279;15.80811;7.69043
0.20825;0.04517;-1.00598
-1.09863;12.08496;-2.92969
0.05249;-0.00366;-0.93494
-1.34277;12.69531;-2.44141
0.32239;0.10620;-1.10291
4.27246;8.17871;-4.63867
0.10632;0.05786;-0.99512
1.52588;2.25830;-14.22119
0.22803;0.06299;-1.02332
2.19727;-0.97656;-7.01904
0.20886;0.05457;-1.01953
2.19727;-2.99072;1.77002
0.25439;0.13062;-1.09607
5.79834;-15.56396;5.06592
0.13928;0.14307;-1.04358
3.05176;-27.03857;5.67627
0.15466;-0.02271;-1.07031
2.31934;-29.47998;8.85010
0.10498;0.11475;-0.96326
1.58691;-29.41895;5.24902
0.02332;-0.01465;-0.95959
-0.18311;-19.10400;17.51709
0.04456;0.16284;-0.90674
-3.17383;-22.15576;15.13672
-0.06653;0.10364;-0.88269
-4.33350;-19.10400;5.85938
-0.03735;0.07227;-0.97949
-4.63867;-19.77539;8.11768
-0.11487;0.07532;-0.96179
-4.08936;-16.66260;-1.28174
-0.07568;0.01379;-0.99365
-2.50244;-14.22119;-3.23486
-0.23682;-0.00305;-0.91833
-0.18311;-6.95801;-5.92041
-0.19495;0.03052;-0.96899
1.15967;-0.79346;0.85449
-0.11450;0.09509;-0.95959
3.66211;3.11279;-1.28174
-0.16296;0.00110;-0.99023
1.22070;6.28662;1.89209
-0.04944;0.13062;-0.97241
3.47900;8.78906;5.37109
-0.04639;0.07300;-1.01514
1.09863;8.54492;2.01416
-0.07642;0.06348;-0.99524
1.64795;7.26318;0.97656
-0.09192;0.06287;-0.97852
2.01416;10.49805;2.56348
-0.22241;-0.02527;-0.94080
3.29590;13.73291;-0.48828
-0.27063;0.00562;-1.07922
-2.13623;12.08496;-3.84521
-0.04248;0.13757;-0.80981
8.66699;24.29199;-7.93457
0.01953;0.01868;-0.88464
9.88770;28.32031;-19.04297
-0.07886;0.25488;-0.91394
4.63867;34.11865;-14.46533
0.36646;0.05225;-1.03235
-7.20215;58.59375;-5.49316
0.41675;0.06714;-1.18396
-7.87354;29.84619;-5.24902
0.40991;0.30273;-1.15942
-3.05176;6.83594;3.90625
0.12305;0.05176;-0.98523
-5.12695;-3.41797;1.15967
0.12891;0.04297;-1.02222
2.07520;1.95312;5.73730
0.12683;0.06812;-1.00171
0.73242;1.28174;-2.07520
0.18579;0.08069;-1.03625
2.74658;-2.50244;-0.85449
0.19763;0.12036;-1.04443
2.31934;-5.06592;2.38037
0.22229;0.08838;-1.03247
4.88281;-15.99121;7.75146
0.10583;0.06702;-1.03406
2.50244;-20.81299;8.91113
0.08215;0.04419;-1.03601
5.06592;-22.70508;9.94873
0.07520;0.10022;-0.99500
3.60107;-14.64844;4.21143
0.12146;0.04419;-1.03040
3.60107;-13.18359;14.83154
0.11548;0.06067;-1.01758
1.03760;-13.06152;11.35254
0.09302;0.09094;-0.95862
-0.36621;-18.24951;10.19287
0.02380;0.09888;-1.01245
-1.95312;-21.42334;3.11279
-0.00427;0.08667;-0.92200
-2.68555;-18.18848;-3.60107
-0.09180;0.06592;-0.96155
-2.74658;-17.15088;-0.61035
-0.12109;0.04041;-0.96375
-1.64795;-14.52637;1.28174
-0.16504;0.04248;-0.95166
-0.42725;-8.48389;-4.08936
-0.15088;0.04688;-0.96899
1.09863;-3.47900;0.00000
-0.17639;0.03149;-0.96423
1.46484;2.92969;-0.97656
-0.10791;0.06189;-0.99304
1.22070;5.85938;4.45557
0.02820;0.14221;-1.02063
0.42725;3.35693;3.96729
-0.16382;0.00623;-0.98071
0.48828;-0.12207;-5.12695
-0.14807;0.08533;-0.96423
2.38037;6.28662;0.91553
-0.17773;0.06787;-0.93933
2.44141;13.12256;-0.67139
-0.02344;0.03906;-1.01489
0.97656;13.18359;8.85010
-0.15186;0.15637;-0.90222
0.85449;13.97705;2.68555
-0.08350;-0.06152;-1.05994
1.70898;15.13672;3.72314
-0.22888;0.15552;-0.86670
2.74658;17.88330;-4.21143
0.13098;0.03394;-1.05261
7.14111;24.84131;-0.97656
0.09924;0.05420;-1.00830
3.29590;25.69580;16.17432
0.26941;0.28345;-1.00586
10.68115;26.30615;30.76172
0.11194;0.08203;-1.09436
-0.24414;12.63428;-4.63867
0.06982;0.09412;-1.00208
-1.52588;15.74707;-0.61035
0.19080;0.04761;-1.02649
-3.11279;15.19775;-7.50732
0.06140;0.04077;-0.97522
-5.79834;18.37158;-9.09424
0.31445;0.17944;-1.05554
-1.28174;8.17871;-1.95312
0.14771;0.07520;-1.01978
-2.38037;1.34277;-8.05664
0.14368;0.07800;-0.99365
-2.25830;3.90625;-1.52588
0.14429;0.09460;-1.00745
0.30518;-1.64795;-3.78418
0.16162;0.06470;-1.00842
-0.42725;-2.86865;-4.39453
0.18286;0.11560;-1.04187
1.70898;-4.27246;-5.43213
0.15955;0.11108;-1.04858
0.67139;-9.52148;-7.62939
0.27832;0.10010;-1.10083
6.04248;-19.04297;6.53076
0.14185;0.12744;-1.06812
3.23486;-27.52686;2.86865
0.07153;0.09497;-0.95093
1.70898;-19.04297;10.07080
-0.00513;0.13086;-0.90527
1.89209;-15.44189;13.85498
0.04248;0.02002;-1.02637
0.24414;-15.74707;11.23047
-0.02893;0.11707;-0.94604
-1.15967;-21.48438;2.13623
-0.10815;0.04236;-0.96960
-2.13623;-20.32471;-0.30518
-0.01416;0.10315;-0.97473
-1.34277;-15.62500;-0.91553
-0.03528;0.15845;-0.97021
-0.42725;-15.38086;-1.40381
-0.15588;0.09851;-0.94507
-2.07520;-15.13672;-5.79834
-0.18774;0.02588;-0.98572
-2.92969;-7.81250;-4.21143
-0.35229;0.04480;-0.87292
1.46484;2.99072;2.68555
-0.14404;-0.01782;-1.00903
2.56348;7.75146;5.61523
0.00818;0.17480;-1.00867
2.86865;3.84521;0.73242
-0.07178;0.10352;-0.99353
-0.73242;1.22070;-1.22070
-0.14258;0.05322;-0.96875
-2.01416;3.78418;2.38037
-0.17371;0.06299;-0.95935
1.03760;8.97217;0.30518
-0.08728;0.05518;-0.97217
1.22070;11.47461;1.83105
-0.11328;0.08435;-0.92615
-1.77002;13.85498;-2.31934
-0.00867;0.06885;-0.97839
3.72314;19.47021;6.46973
-0.06982;0.06335;-0.95752
4.94385;21.85059;-7.62939
-0.09265;0.09509;-0.85974
0.06104;16.17432;-0.48828
0.17871;0.08252;-1.05334
0.24414;23.01025;2.44141
0.08411;0.20850;-0.99756
-0.67139;19.89746;-6.65283
-0.02441;0.04675;-1.02002
-1.52588;22.52197;0.06104
0.22083;0.16052;-1.10571
-3.60107;15.19775;-1.58691
0.05652;0.13794;-0.98865
-8.54492;13.79395;-8.30078
0.10608;-0.03101;-1.01318
-6.59180;17.70020;1.64795
0.24609;0.16016;-1.05603
-1.03760;8.11768;-4.51660
0.13110;0.05164;-1.01050
0.67139;2.80762;-3.66211
0.16968;0.00720;-1.01184
-0.54932;2.99072;-0.85449
0.17419;0.16882;-1.04114
6.71387;-3.66211;-3.17383
0.14954;0.06775;-1.04810
5.18799;-10.92529;-7.32422
0.11951;0.13330;-1.00146
7.50732;-14.52637;-0.30518
0.06958;0.00696;-0.99731
5.37109;-10.49805;0.61035
0.10779;0.11816;-0.99805
5.61523;-10.80322;6.16455
0.17102;0.07715;-1.07031
4.27246;-8.72803;7.20215
0.06201;0.11768;-0.98376
1.34277;-12.63428;12.14600
0.12305;0.07227;-1.00208
1.09863;-11.23047;14.28223
0.14380;0.08484;-0.99268
-4.69971;-21.54541;8.23975
-0.03723;0.05359;-0.93420
-2.50244;-21.85059;1.34277
-0.11462;0.09937;-0.91541
-0.18311;-15.68604;-0.06104
-0.03564;0.06531;-0.99023
1.58691;-12.51221;-5.67627
-0.09412;0.12903;-0.94897
0.18311;-10.98633;2.92969
-0.03137;0.09802;-1.00793
0.30518;-6.83594;3.96729
-0.12402;0.09204;-0.94946
0.36621;-4.27246;-0.06104
-0.10535;0.09949;-0.96606
2.25830;1.15967;4.02832
-0.13928;0.00195;-0.99402
2.07520;3.78418;-0.48828
-0.01855;0.15247;-0.98242
2.68555;4.63867;4.08936
-0.04089;0.10596;-0.99316
2.92969;4.45557;-1.64795
-0.03857;0.06592;-1.00610
1.40381;2.99072;-0.06104
-0.14795;0.13513;-0.92615
1.83105;7.01904;-4.15039
-0.20618;0.03271;-0.95178
1.46484;16.54053;-2.31934
0.02502;0.10144;-0.99829
0.73242;8.60596;1.70898
0.05823;0.12781;-0.92480
5.55420;15.56396;-5.31006
0.10168;0.09888;-0.97681
4.45557;18.79883;-4.33350
-0.15918;0.12195;-0.78357
4.15039;23.25439;-3.54004
0.26501;0.00525;-1.19519
1.83105;21.24023;-5.79834
0.13245;0.32861;-1.00806
-1.89209;19.40918;6.40869
0.01196;0.00073;-1.10242
-7.81250;10.98633;-0.06104
-0.02795;0.12634;-0.91858
-7.32422;14.77051;1.34277
0.11389;-0.05664;-1.02441
-4.82178;17.82227;-4.08936
0.12915;0.10510;-1.04272
-4.76074;13.67188;-3.60107
0.21973;0.06970;-1.06653
-2.44141;-5.98145;-15.56396
0.10852;0.06506;-0.99402
-1.34277;-1.34277;-0.91553
0.21143;0.05518;-1.05396
0.36621;-4.57764;-7.20215
0.06750;0.12158;-0.98901
2.13623;-2.07520;-2.07520
0.21118;0.10876;-1.10596
7.38525;-4.39453;-5.00488
0.07129;0.13220;-1.01990
2.74658;-10.43701;-1.58691
0.11414;-0.00012;-1.06860
4.69971;-14.22119;5.12695
0.18518;0.13501;-1.02502
5.12695;-14.70947;15.01465
0.07849;0.09753;-1.01575
-0.24414;-23.92578;10.86426
0.01123;0.07068;-0.92395
-2.19727;-17.39502;18.49365
-0.03516;0.01050;-0.95007
-1.89209;-23.80371;10.68115
-0.11084;0.14758;-0.91077
0.36621;-21.54541;1.03760
-0.06396;0.08142;-1.01428
0.42725;-15.93018;-3.54004
-0.04663;0.14771;-0.96472
-0.24414;-14.09912;-1.52588
-0.12793;0.08130;-0.96729
-1.52588;-9.58252;0.00000
-0.17798;0.05090;-0.93640
1.03760;-2.92969;0.61035
-0.18750;0.06067;-0.96619
0.85449;-1.70898;0.00000
-0.10974;0.08667;-0.97339
3.17383;4.08936;1.83105
-0.13013;0.05603;-0.99683
2.25830;2.56348;-0.79346
-0.05786;0.13855;-0.97913
3.54004;4.63867;0.73242
-0.11475;0.10168;-0.98303
3.47900;7.50732;1.15967
-0.12769;0.05786;-0.98230
2.44141;8.11768;0.85449
-0.27356;0.14062;-0.84900
2.56348;12.26807;1.34277
-0.00220;0.01611;-1.03748
0.24414;11.53564;1.89209
-0.08801;0.12903;-0.88037
5.06592;18.18848;1.15967
0.17566;0.04724;-1.12915
4.94385;20.99609;3.29590
0.02515;0.31543;-0.89294
2.44141;17.33398;0.85449
0.18982;-0.07349;-1.13989
-4.27246;24.96338;1.95312
0.05676;0.26123;-0.89270
-3.41797;14.77051;4.51660
0.08337;-0.14392;-1.11084
-3.23486;29.72412;-8.17871
0.24390;0.30212;-1.13745
2.38037;13.18359;-2.92969
-0.01428;0.09985;-0.94763
-7.08008;14.16016;-9.03320
0.18579;0.07483;-1.02136
-1.46484;9.88770;9.52148
0.18164;0.18420;-1.00195
-1.28174;5.00488;-4.02832
0.15454;0.06055;-1.02197
-2.50244;3.23486;-3.17383
0.13953;0.09668;-0.99353
-1.03760;4.57764;2.38037
0.12817;0.07874;-1.00146
1.95312;1.64795;-0.36621
0.14148;0.10730;-1.02002
-0.00000;-3.17383;-5.06592
0.18127;0.13867;-1.02600
3.29590;-4.69971;-2.62451
0.06458;0.13623;-1.03247
4.15039;-11.04736;-4.27246
0.06873;0.09741;-1.02515
5.43213;-8.36182;12.93945
0.20325;0.08179;-1.11536
4.76074;-12.81738;13.73291
0.11987;0.18164;-0.97485
1.58691;-8.91113;4.02832
0.09485;0.05994;-0.98901
1.83105;-9.21631;8.48389
0.06702;0.07507;-0.97046
-1.28174;-12.81738;14.22119
0.02771;0.15979;-0.92114
0.42725;-18.31055;5.67627
0.00391;0.01648;-0.99976
-3.17383;-22.03369;-0.48828
0.04272;0.13916;-1.00208
-0.85449;-22.39990;2.62451
-0.08447;0.09875;-0.94714
-2.80762;-20.20264;-6.16455
-0.19031;0.05737;-0.92969
0.36621;-10.43701;-2.56348
-0.17114;0.15027;-0.91418
3.72314;-1.28174;-0.73242
-0.18030;0.03564;-0.97205
1.70898;4.94385;-2.13623
0.07031;0.12231;-1.04700
2.74658;3.23486;3.35693
-0.03955;0.16516;-0.97290
1.46484;2.31934;-1.09863
-0.12659;0.00977;-0.99219
0.48828;4.88281;-0.97656
-0.13867;0.09106;-0.94177
-0.48828;8.42285;-0.12207
-0.09851;0.05530;-0.93958
1.64795;11.77979;-1.52588
-0.04187;0.07947;-0.96204
2.99072;16.96777;-2.99072
-0.06750;0.02173;-0.89014
8.60596;26.55029;2.74658
0.27466;0.23560;-1.07593
7.87354;20.44678;-2.92969
0.22681;0.22241;-0.99512
5.00488;15.44189;-13.00049
0.13782;0.04370;-1.09460
-1.83105;5.67627;1.83105
-0.07727;0.19043;-0.84900
-2.68555;12.57324;0.73242
0.04065;-0.05750;-0.99890
-2.50244;17.51709;-3.78418
0.16138;0.21448;-0.99878
1.28174;15.99121;-2.38037
0.10193;0.03271;-1.06641
-4.45557;9.88770;-13.12256
0.23254;0.26050;-1.02393
0.79346;0.85449;-3.60107
-0.04541;0.07874;-0.91687
-7.26318;5.06592;-7.14111
0.32385;0.18042;-1.12756
3.35693;12.75635;1.58691
0.11853;0.14685;-1.01086
-2.25830;-1.64795;-10.98633
0.13599;0.09778;-1.01904
1.89209;0.36621;1.22070
0.11841;0.12341;-1.01245
0.54932;-3.11279;-3.54004
0.19165;0.15100;-1.04700
3.29590;-5.67627;-1.89209
0.07666;0.18091;-1.03455
1.09863;-8.91113;-4.39453
0.12183;0.03967;-1.07166
2.80762;-9.64355;5.49316
0.15930;0.19446;-1.06543
4.45557;-14.95361;7.75146
0.05786;0.14612;-0.96204
0.42725;-10.13184;15.19775
0.10840;0.05908;-1.00061
-2.31934;-10.80322;14.28223
0.19324;0.08716;-0.95105
-3.78418;-17.63916;14.52637
-0.01257;0.15662;-0.90161
-6.46973;-15.25879;8.66699
-0.08508;0.07739;-0.93774
-6.04248;-16.35742;7.32422
-0.14978;0.09875;-0.92480
-3.90625;-13.36670;3.60107
-0.16211;0.03394;-0.96143
1.95312;-5.00488;-1.34277
-0.06348;0.07996;-0.99524
4.94385;-0.97656;-2.38037
-0.01575;0.12732;-1.00110
2.74658;2.25830;5.24902
-0.02515;0.11963;-1.00366
-0.30518;0.12207;-0.12207
-0.15894;0.04749;-0.94702
-0.91553;4.02832;-0.12207
-0.09912;0.09753;-0.96179
1.15967;9.64355;0.30518
-0.27551;0.01428;-0.85278
3.11279;15.13672;0.24414
-0.03186;0.15173;-0.89514
9.64355;17.27295;0.97656
0.11182;0.01196;-1.13647
4.15039;16.47949;8.11768
0.28601;0.33203;-1.06067
4.45557;8.72803;10.25391
0.04285;0.11157;-0.98914
-1.40381;5.43213;-10.13184
-0.07129;0.10718;-0.91797
-1.34277;16.66260;2.25830
0.08142;0.05103;-0.92590
-5.43213;19.71436;-8.78906
0.15723;0.12036;-1.07642
-3.84521;12.51221;-1.64795
0.14062;0.16858;-0.96948
-0.36621;9.33838;-12.87842
0.07483;-0.07849;-1.06445
-6.22559;8.78906;-11.53564
0.17346;0.26709;-1.04932
0.85449;0.42725;-7.93457
-0.01990;0.00525;-0.92480
-7.93457;7.62939;-12.75635
0.28467;0.25098;-1.06311
2.86865;8.54492;1.22070
0.11768;0.09729;-0.99390
-2.01416;-2.38037;-13.00049
0.04944;0.12280;-1.02856
1.22070;1.70898;-10.86426
0.15479;0.11951;-1.00867
0.97656;0.79346;-1.28174
0.07422;0.09021;-1.00806
2.44141;0.67139;2.25830
0.19531;0.11646;-1.06262
1.77002;-2.68555;0.12207
0.09961;0.16785;-1.02576
3.47900;-5.55420;-0.73242
0.11694;0.11475;-1.01160
1.46484;-4.69971;6.59180
0.12988;0.07373;-1.00208
2.50244;-6.83594;13.42773
0.11719;0.12720;-1.01074
1.58691;-5.79834;15.74707
0.13159;0.14514;-0.99231
2.56348;-10.86426;13.79395
0.11084;0.09912;-1.02783
0.97656;-8.91113;14.46533
0.15015;0.03894;-1.03101
-2.74658;-14.03809;5.92041
0.01025;0.08325;-0.93372
-1.95312;-17.70020;7.08008
-0.00586;0.08105;-0.98975
-5.18799;-19.95850;-3.23486
-0.09399;0.12537;-0.91528
-3.41797;-18.49365;1.22070
-0.06396;0.06665;-0.99988
-0.91553;-14.09912;4.39453
-0.15759;0.09045;-0.94153
-0.85449;-11.47461;0.36621
-0.18860;0.13110;-0.92236
-0.91553;-2.99072;7.26318
-0.04370;0.06567;-1.01477
1.09863;4.02832;-2.56348
-0.10364;0.07288;-0.98059
2.25830;6.40869;2.31934
-0.09290;0.02905;-0.99426
1.70898;7.38525;-0.54932
-0.12537;0.17200;-0.91858
2.99072;9.70459;-0.54932
-0.12280;-0.00818;-0.96423
2.92969;11.90186;-3.66211
-0.24097;0.11169;-0.85193
2.38037;12.20703;-3.90625
-0.07104;-0.04553;-0.94312
6.59180;18.12744;-6.46973
0.20312;0.25659;-1.08154
11.04736;20.26367;-2.80762
0.18213;0.28162;-1.02441
4.88281;20.75195;-3.66211
0.12061;0.05444;-1.09155
-3.47900;8.48389;-2.68555
0.01428;0.23584;-0.89233
-4.33350;18.43262;-1.22070
0.02905;-0.03381;-1.06104
-4.94385;30.27344;-1.28174
0.23450;0.25696;-1.04846
-1.46484;12.02393;-0.97656
0.16797;0.11096;-1.07971
-6.04248;3.54004;-6.40869
-0.00964;0.05798;-0.90137
-4.21143;4.88281;2.99072
0.31055;0.02771;-1.14441
-1.52588;-0.42725;1.95312
0.09253;0.22266;-0.97607
1.28174;-0.54932;-8.91113
0.13782;0.04541;-1.02539
-1.03760;-0.48828;-0.36621
0.09094;0.13806;-0.99756
1.46484;-1.77002;-3.41797
0.17834;0.08044;-1.04468
2.74658;-2.38037;-7.01904
0.06909;0.16650;-1.02136
2.92969;-1.83105;-6.83594
0.20447;0.08850;-1.04041
3.84521;-3.47900;-2.56348
0.10681;0.11646;-0.99902
3.41797;-4.63867;-2.31934
0.15137;0.08350;-1.02795
2.68555;-6.95801;3.29590
0.13379;0.15259;-1.03271
3.47900;-10.13184;10.13184
0.19299;0.08411;-1.03186
1.03760;-12.32910;11.77979
-0.00549;0.13147;-0.89954
-0.73242;-13.42773;16.29639
0.06592;0.07544;-0.94617
-1.15967;-13.79395;12.14600
0.01819;0.10376;-0.95312
-1.70898;-15.93018;8.36182
0.05786;0.06482;-0.98132
-1.83105;-20.75195;0.67139
-0.11218;0.09460;-0.93823
-0.67139;-15.44189;2.38037
-0.11853;0.12292;-0.94751
1.70898;-6.59180;1.89209
-0.14026;0.09460;-0.96375
1.70898;0.91553;-1.70898
-0.04492;0.03137;-1.02368
1.95312;2.19727;5.61523
0.01941;0.20593;-0.97754
2.38037;0.61035;0.12207
-0.11914;0.06421;-0.97034
-0.67139;2.13623;-3.35693
-0.06580;0.11584;-0.98096
-0.30518;4.33350;-1.03760
-0.03516;0.04358;-0.97058
0.24414;9.88770;-2.31934
-0.22314;0.11145;-0.87695
-0.18311;12.87842;-8.91113
-0.01953;0.11047;-0.93970
1.77002;7.81250;-5.55420
-0.03625;0.04126;-0.91626
2.92969;10.80322;-15.62500
0.19910;0.15405;-1.05981
7.08008;23.07129;11.84082
0.16431;0.25769;-1.01111
-1.52588;10.13184;-1.40381
0.08276;0.00281;-1.06848
-3.41797;12.26807;-5.18799
0.08545;0.17542;-0.96741
-0.85449;14.83154;-3.41797
0.09985;0.05762;-1.06750
-4.63867;13.48877;-16.11328
0.17993;0.14941;-1.06091
-1.89209;11.96289;-2.62451
0.16846;0.17944;-1.04443
-1.46484;6.16455;-1.64795
0.00854;0.04150;-0.95557
-3.47900;7.01904;-0.79346
0.18665;0.12793;-1.06006
1.64795;3.47900;0.79346
0.07825;0.08240;-0.99878
1.09863;2.80762;-0.06104
0.15625;0.09729;-1.00732
0.97656;2.01416;-1.70898
0.13965;0.14380;-1.01428
4.39453;-0.61035;-2.44141
0.14001;0.10303;-1.00671
2.01416;-2.50244;-3.96729
0.06750;0.14490;-1.03015
4.08936;-6.46973;-2.80762
0.15930;0.05847;-1.07178
6.65283;-6.77490;14.28223
0.13513;0.14343;-1.00012
5.49316;-15.19775;12.87842
0.05139;0.11658;-0.94312
2.44141;-6.28662;11.59668
0.06689;0.08643;-1.00525
0.54932;-7.50732;8.60596
0.06946;0.12903;-0.97449
0.42725;-6.65283;7.99561
0.10535;0.03772;-1.03333
-1.77002;-12.81738;4.94385
0.08484;0.11487;-0.97546
1.34277;-20.62988;5.43213
-0.04114;0.06323;-0.98682
-4.27246;-23.80371;-4.76074
-0.07983;0.14392;-0.91455
0.30518;-20.81299;-0.12207
-0.13623;0.14172;-0.92358
0.12207;-14.77051;-1.46484
-0.12842;0.11816;-0.95813
1.52588;-7.08008;-2.80762
-0.07483;0.14294;-0.95923
4.08936;1.89209;3.60107
-0.03833;0.10754;-1.00562
2.01416;1.77002;2.19727
-0.14880;0.07019;-0.97522
-0.79346;-1.09863;1.58691
-0.18420;0.09131;-0.94653
1.52588;3.35693;0.30518
-0.06836;0.09216;-0.98767
4.02832;9.46045;-1.28174
-0.07483;0.16199;-0.96265
2.07520;8.60596;-1.52588
-0.14673;0.10278;-0.92065
2.50244;12.14600;-3.47900
-0.01660;0.13831;-0.94775
0.85449;11.71875;1.77002
-0.36560;-0.02771;-0.81177
3.29590;15.93018;-2.68555
0.21826;0.14673;-1.07861
12.32910;28.80859;10.31494
-0.00195;0.22253;-0.91992
2.99072;20.32471;-4.27246
0.17383;0.00854;-1.15967
-2.62451;9.33838;7.32422
0.06409;0.24207;-0.91992
-6.40869;11.53564;-3.66211
0.24243;-0.17371;-1.13538
-0.91553;19.10400;2.50244
0.23376;0.30884;-1.02295
-2.50244;9.52148;-9.52148
-0.02661;0.04688;-0.98108
-5.67627;11.41357;-4.94385
0.14807;0.18359;-0.99072
-3.47900;9.39941;-3.47900
0.12903;0.13159;-1.00305
-3.17383;6.34766;-7.38525
0.06299;0.10864;-0.98535
-2.01416;10.86426;-3.35693
0.20325;0.08105;-1.02002
-0.67139;8.54492;-6.10352
0.13428;0.11169;-0.99438
3.47900;5.24902;-2.25830
0.16394;0.06030;-1.05420
-0.12207;-2.31934;-3.72314
0.09827;0.16956;-0.98926
4.33350;-1.03760;-3.72314
0.06641;0.08374;-1.04614
1.15967;-5.43213;-5.85938
0.14355;0.13989;-1.02295
2.86865;-4.08936;-1.52588
0.15637;0.13489;-1.02393
1.95312;-8.48389;4.88281
0.07568;0.09058;-1.01245
-0.73242;-7.08008;4.02832
0.10156;0.16309;-1.00916
2.56348;-9.52148;18.49365
0.13525;0.09937;-0.99255
0.12207;-12.69531;12.45117
0.04565;0.05859;-0.98938
1.09863;-12.75635;17.63916
0.09167;0.11133;-1.00159
-0.06104;-16.47949;7.99561
0.03247;0.12268;-0.99377
0.18311;-15.19775;5.06592
-0.02429;0.14099;-0.94067
-1.83105;-13.18359;4.15039
-0.04443;0.07349;-0.96680
-4.27246;-15.50293;1.15967
-0.08582;0.10388;-0.95300
1.03760;-13.73291;2.68555
-0.05139;0.15430;-0.96167
1.40381;-9.39941;-2.80762
-0.11035;0.09937;-0.96509
2.31934;-5.18799;0.85449
-0.13416;0.06738;-0.96704
2.56348;-0.61035;-3.78418
-0.11169;0.06616;-0.97327
1.89209;3.23486;0.48828
0.00586;0.15405;-1.01343
2.62451;4.69971;3.54004
-0.03186;0.10815;-1.00684
0.12207;2.50244;-2.25830
-0.13660;0.08582;-0.94348
1.22070;4.33350;-2.62451
-0.22339;0.05115;-0.91736
0.85449;8.72803;-2.38037
0.03040;0.10693;-0.99719
6.65283;8.36182;-1.83105
0.16638;0.08862;-0.90710
4.88281;13.79395;1.64795
0.07800;0.15271;-0.99097
10.00977;18.06641;11.23047
0.21533;0.15906;-1.13025
5.24902;3.11279;0.48828
-0.16956;0.19397;-0.83667
0.97656;9.33838;-12.39014
0.06458;0.03479;-1.01074
-4.02832;15.38086;1.09863
0.04028;0.21985;-0.86487
-6.53076;22.64404;-12.93945
0.21289;-0.06128;-1.11328
-2.56348;17.82227;-4.45557
0.09204;0.21753;-0.96338
-5.98145;14.58740;-4.76074
0.19165;0.03662;-1.15759
-2.62451;11.41357;-0.36621
0.08472;0.25366;-0.97095
-0.91553;5.37109;-5.37109
0.09937;0.03308;-1.01672
-5.18799;9.27734;2.38037
0.11365;0.16504;-0.99011
-1.40381;8.42285;4.02832
0.14636;0.06580;-1.01538
-1.89209;6.16455;2.74658
0.15051;0.13660;-1.00818
-1.40381;-0.06104;-0.48828
0.14868;0.10986;-1.01587
5.67627;0.85449;3.41797
0.11340;0.13892;-1.05017
0.36621;-4.76074;-5.55420
0.13245;0.17200;-1.02966
5.12695;-5.18799;4.57764
0.16174;0.05347;-1.05371
-1.09863;-6.89697;-2.38037
0.14490;0.12683;-1.00488
3.66211;-6.04248;3.72314
0.09900;0.11414;-1.00073
1.83105;-11.71875;4.27246
0.05322;0.12195;-0.96436
2.19727;-13.30566;6.16455
0.03442;0.11194;-0.95825
1.22070;-12.93945;6.77490
0.03638;0.06372;-0.98853
1.28174;-12.14600;2.07520
0.06421;0.12341;-0.99500
0.97656;-12.02393;3.54004
0.08484;0.14465;-1.01978
-1.40381;-13.30566;5.61523
0.00891;0.09570;-0.99976
-3.78418;-14.58740;0.97656
-0.03723;0.08960;-0.98975
-1.34277;-16.60156;4.27246
-0.06958;0.14001;-0.97925
-0.79346;-16.29639;0.36621
-0.23010;0.09094;-0.89746
0.18311;-9.94873;-4.57764
-0.28345;0.11951;-0.86792
1.58691;6.95801;0.36621
-0.03491;0.05444;-1.02612
2.92969;11.53564;3.29590
0.06555;0.19263;-1.00269
1.22070;5.55420;2.99072
0.00586;0.14136;-1.01013
0.73242;1.28174;1.09863
-0.12903;0.09180;-0.94641
1.28174;2.92969;-1.40381
-0.21228;0.03418;-0.92993
0.42725;8.54492;-4.15039
-0.08606;0.08545;-0.92993
3.60107;13.79395;0.91553
-0.03894;0.11194;-0.96472
5.92041;14.52637;-0.61035
-0.12732;0.05359;-0.97461
8.36182;22.09473;8.66699
0.19287;0.27905;-1.02185
5.06592;11.41357;17.63916
0.00598;0.17041;-0.91968
-1.46484;15.19775;-7.87354
0.04602;0.02197;-1.01562
-0.06104;14.77051;5.79834
-0.00916;0.21936;-0.85852
-3.23486;13.48877;-12.87842
0.19165;0.07349;-1.14331
-0.67139;11.23047;-6.89697
0.14832;0.28125;-1.00305
-2.56348;8.05664;-9.76562
0.13135;-0.01733;-1.05737
-3.17383;13.00049;-2.38037
0.10938;0.18079;-0.96692
-0.79346;7.62939;-1.77002
-0.00903;0.10498;-0.94055
-3.96729;11.71875;-3.78418
0.23682;0.22192;-1.05188
2.80762;4.27246;2.56348
0.09436;0.11084;-0.98987
-1.58691;3.41797;-18.18848
0.09998;0.10767;-1.00427
2.80762;6.53076;-8.85010
0.17993;0.18652;-1.00647
0.85449;-1.64795;-5.55420
0.14771;0.13171;-1.02234
0.30518;-1.28174;5.12695
0.16455;0.17346;-1.04578
1.03760;-2.13623;-0.48828
0.07825;0.15881;-0.99390
0.85449;-4.21143;0.06104
0.09607;0.12549;-1.03186
3.23486;-6.16455;5.31006
0.10437;0.15369;-0.99756
1.70898;-14.77051;5.00488
0.10681;0.16553;-0.99426
1.15967;-14.58740;1.77002
0.05371;0.07434;-1.00732
-1.70898;-9.94873;-0.54932
0.14587;0.19629;-0.98840
1.77002;-8.91113;6.40869
0.05859;0.10181;-0.98230
-1.09863;-7.01904;7.26318
0.01282;0.08252;-0.96875
-0.67139;-7.87354;6.71387
0.06836;0.09497;-1.01721
-0.97656;-11.77979;7.01904
0.02563;0.16919;-0.95813
-0.79346;-12.93945;1.95312
0.05261;0.10303;-1.03308
-4.27246;-13.36670;-1.28174
-0.04883;0.12024;-0.98083
-3.35693;-19.28711;-1.15967
-0.17700;0.10486;-0.91394
-0.67139;-12.57324;-1.83105
-0.18787;0.08264;-0.91711
1.03760;-3.11279;1.09863
-0.06750;0.12329;-0.95532
2.07520;4.21143;1.28174
-0.16321;0.03882;-0.96765
0.54932;7.20215;-1.89209
0.01123;0.15808;-1.00806
2.99072;8.66699;2.01416
-0.11731;0.07532;-0.92554
0.12207;9.15527;-5.31006
0.12439;0.15625;-1.04736
7.62939;10.68115;0.06104
0.02197;0.20642;-0.94727
-2.13623;6.65283;-8.23975
-0.19482;0.00122;-0.88770
3.11279;16.78467;5.79834
0.08521;0.25635;-1.09070
5.79834;11.71875;7.26318
-0.10315;0.17017;-0.90247
-1.70898;12.08496;-0.97656
0.10950;0.11816;-1.06824
2.31934;4.94385;10.13184
-0.03833;0.20813;-0.87085
-3.17383;9.70459;-5.06592
0.18323;-0.12317;-1.11975
0.30518;15.44189;-3.05176
0.09436;0.30823;-0.89185
-2.13623;13.91602;-9.70459
0.06238;-0.04126;-1.07361
-4.08936;20.75195;-14.03809
0.23633;0.35840;-1.02637
0.18311;6.40869;1.22070
0.01416;0.05286;-0.98267
-6.04248;4.57764;-5.85938
0.07922;0.08997;-1.00598
-1.58691;8.36182;9.64355
0.19141;0.18921;-1.02930
0.79346;7.81250;2.80762
0.15698;0.08936;-1.01917
0.30518;2.62451;-3.41797
0.11292;0.07874;-0.98547
-0.42725;1.83105;-1.40381
0.16248;0.08948;-1.00317
3.47900;0.30518;-3.66211
0.12891;0.10864;-1.00671
1.40381;1.58691;-2.25830
0.19666;0.16370;-1.03833
5.18799;1.28174;-0.67139
0.12402;0.19287;-1.06213
1.77002;-2.50244;-4.63867
0.16040;0.10645;-1.04358
2.44141;-7.69043;-2.38037
0.17358;0.11670;-1.01648
2.44141;-14.64844;3.05176
0.11414;0.12988;-1.01099
2.19727;-16.60156;7.69043
0.10291;0.11328;-0.99780
-0.48828;-17.27295;9.82666
0.05750;0.08630;-0.95251
-0.36621;-12.26807;11.90186
-0.03333;0.12073;-0.92871
-0.67139;-16.78467;7.62939
-0.02148;0.10742;-0.94519
-0.79346;-13.67188;4.88281
-0.02625;0.06921;-0.99182
-1.95312;-15.31982;3.90625
-0.09949;0.12952;-0.93066
0.61035;-13.85498;0.73242
-0.11401;0.13757;-0.90796
0.06104;-8.54492;-0.36621
-0.20667;0.06189;-0.91272
1.09863;-1.34277;-4.15039
-0.12659;0.06775;-0.97400
1.58691;3.17383;1.03760
-0.02747;0.14697;-0.98743
2.86865;7.14111;-0.30518
-0.15747;0.09985;-0.90027
1.28174;11.59668;-1.40381
0.10669;0.16138;-1.04260
3.84521;9.33838;5.00488
-0.15637;0.08936;-0.90344
-1.64795;7.69043;-5.79834
0.06958;-0.00464;-1.07178
6.22559;3.78418;11.16943
0.08984;0.33044;-0.93677
4.08936;10.62012;6.34766
-0.05505;-0.00854;-0.99438
-0.85449;5.12695;2.68555
0.02222;0.20605;-0.91479
1.95312;8.66699;-0.79346
-0.08105;-0.04541;-1.00110
-2.80762;11.35254;-16.23535
0.11902;0.19946;-0.98315
0.36621;10.74219;-7.56836
0.04431;0.00916;-1.08118
-1.77002;16.47949;-10.31494
0.19543;0.20654;-1.06445
0.30518;7.20215;-3.60107
0.02051;0.11169;-0.98047
-4.63867;7.50732;-9.94873
0.11829;0.13281;-0.99841
-2.07520;7.01904;-0.67139
0.05042;0.10071;-0.97266
-5.24902;3.47900;-6.83594
0.14246;0.19788;-1.07532
2.62451;4.15039;-6.40869
0.10864;0.13916;-1.00647
-2.44141;3.35693;-3.11279
0.09814;0.09692;-0.99927
-0.79346;3.60107;5.00488
0.10510;0.08252;-1.00952
-0.48828;1.03760;-1.46484
0.13635;0.13818;-1.00623
1.28174;-0.06104;1.15967
0.10852;0.14111;-1.03357
2.38037;-0.48828;-4.15039
0.10437;0.06921;-1.05212
5.31006;-1.95312;-3.90625
0.12366;0.21387;-1.00769
2.31934;-4.76074;-3.90625
0.08643;0.08569;-1.02124
2.62451;-3.35693;-3.11279
0.07568;0.15588;-0.98840
2.62451;-7.14111;5.92041
0.09924;0.11633;-1.02319
0.12207;-8.48389;2.38037
0.03735;0.11121;-0.95276
1.70898;-7.50732;12.87842
0.04443;0.05908;-0.99634
2.86865;-5.24902;9.82666
0.06030;0.17627;-0.95642
2.19727;-6.34766;11.90186
0.08472;0.09155;-1.02295
-0.18311;-7.32422;9.94873
0.04248;0.13245;-0.96899
-2.50244;-13.36670;4.94385
-0.00122;0.09045;-0.98242
-3.23486;-14.16016;4.27246
-0.04358;0.07825;-0.98657
-3.84521;-14.46533;-0.36621
-0.08740;0.13367;-0.93347
-2.38037;-13.48877;1.34277
-0.12341;0.10400;-0.95471
-0.73242;-9.21631;0.18311
-0.15137;0.20825;-0.90027
0.91553;-1.09863;2.62451
-0.14600;0.01440;-0.98389
1.15967;8.30078;-2.99072
-0.04224;0.14868;-0.97546
2.62451;9.58252;3.72314
-0.12476;0.07019;-0.95740
1.95312;15.07568;-1.77002
0.09424;0.12085;-1.03625
3.90625;10.13184;1.58691
-0.05518;0.11475;-0.93787
4.15039;12.93945;2.56348
0.15857;0.15234;-1.06567
2.62451;5.98145;1.40381
-0.04028;0.16357;-0.92664
0.06104;10.00977;2.31934
0.01636;0.04797;-1.00317
3.29590;10.07080;3.66211
0.05334;0.20691;-0.97571
2.19727;5.98145;-3.05176
0.00623;0.11475;-0.96753
0.48828;7.32422;-8.66699
0.10596;0.09131;-1.00159
1.34277;9.03320;1.34277
0.04370;0.10840;-0.98535
0.24414;12.20703;-6.40869
0.17590;0.09424;-1.05957
-2.19727;10.86426;-5.98145
-0.11047;0.09595;-0.85413
-5.31006;13.67188;-7.56836
0.19458;0.17444;-1.12170
-0.91553;6.83594;-4.33350
0.06580;0.16211;-0.96973
-4.21143;6.46973;-5.37109
0.24426;0.14819;-1.08447
-0.06104;2.01416;-2.31934
0.05054;0.11353;-0.99097
-1.83105;0.61035;0.30518
0.15942;0.10010;-1.01562
0.36621;2.01416;1.64795
0.09583;0.11829;-0.98999
1.83105;0.24414;-0.18311
0.16199;0.11951;-1.01587
3.47900;-1.95312;-1.40381
0.03149;0.13477;-1.02026
3.41797;-3.41797;-4.82178
0.12695;0.12170;-1.05286
2.13623;-4.45557;-3.23486
0.10510;0.15601;-1.00085
2.68555;-4.51660;-1.15967
0.12891;0.10608;-1.03125
1.77002;-4.57764;2.56348
0.07324;0.12781;-1.03760
1.64795;-9.64355;1.64795
0.14148;0.14355;-1.06250
2.62451;-8.17871;7.08008
0.13928;0.14246;-0.99805
-0.42725;-11.65771;7.56836
0.06226;0.09900;-0.98169
-0.30518;-10.49805;11.04736
-0.00647;0.16736;-0.91516
-3.78418;-15.93018;8.97217
-0.02576;0.05896;-0.97925
-3.35693;-11.90186;2.86865
-0.06055;0.11169;-0.92297
-1.83105;-8.97217;3.72314
-0.07629;0.07935;-0.95935
-0.18311;-7.81250;2.56348
-0.03186;0.13354;-0.96729
-0.48828;-6.28662;2.19727
-0.09802;0.07178;-0.96558
0.73242;-3.66211;-2.01416
-0.15002;0.05798;-0.94299
1.09863;1.83105;-0.48828
-0.05615;0.08362;-0.99939
3.23486;6.40869;3.11279
0.09668;0.14673;-1.03931
2.25830;6.34766;0.30518
-0.02319;0.13062;-0.98779
0.73242;2.56348;1.89209
-0.04553;0.08533;-0.99719
-0.12207;1.83105;-1.46484
-0.03223;0.11353;-0.98108
0.97656;2.38037;-0.18311
-0.04126;0.09973;-0.99329
0.48828;3.41797;-2.86865
-0.21191;0.11023;-0.88159
0.12207;8.23975;-2.86865
-0.01611;0.06494;-1.00867
2.50244;10.37598;-1.03760
-0.09619;0.12500;-0.89319
0.73242;11.53564;0.24414
0.07312;0.03516;-1.05579
5.37109;10.07080;-4.63867
0.12915;0.29114;-0.88904
-2.50244;10.68115;-6.89697
-0.06006;-0.05542;-1.01587
-0.67139;10.00977;-8.30078
0.00745;0.21741;-0.90442
2.44141;9.52148;3.90625
0.03784;-0.07666;-1.08728
-2.07520;19.95850;-13.73291
0.24744;0.15051;-1.20898
3.60107;4.15039;2.80762
-0.00269;0.23682;-0.89954
-6.22559;9.03320;-12.69531
0.11450;0.05273;-1.08569
-1.89209;3.41797;5.12695
0.12354;0.23914;-1.02991
-0.61035;3.05176;-6.16455
0.01282;0.04663;-0.97583
-3.29590;8.48389;-4.63867
0.18762;0.13245;-1.05627
3.17383;8.42285;-1.70898
0.08606;0.08105;-1.00061
0.85449;1.58691;0.42725
0.12158;0.10437;-1.01782
3.23486;2.80762;2.99072
0.07690;0.18140;-1.02026
2.99072;-1.09863;-5.37109
0.14185;0.09570;-1.05115
5.31006;-1.70898;0.00000
0.16370;0.17920;-1.06250
7.14111;-6.53076;14.46533
0.05627;0.15369;-0.97986
2.56348;-8.17871;9.88770
0.06750;0.06677;-0.96301
0.36621;-8.60596;8.91113
0.04968;0.08276;-0.98828
-0.12207;-4.63867;6.22559
0.07239;0.10791;-0.99719
2.07520;-6.40869;8.78906
0.08228;0.14465;-0.97241
-0.61035;-6.59180;4.33350
0.09216;0.11938;-1.02380
0.91553;-6.10352;9.27734
0.10156;0.08374;-1.00085
-6.46973;-12.26807;-5.43213
0.01306;0.12976;-0.95959
-3.54004;-15.50293;2.50244
-0.08081;0.08618;-0.95801
-3.54004;-13.12256;0.24414
-0.05530;0.11279;-0.96143
-0.00000;-10.43701;3.96729
-0.03564;0.11133;-0.98352
-0.85449;-8.05664;0.67139
-0.14478;0.11060;-0.94177
0.54932;-2.44141;0.36621
-0.15173;0.04675;-0.95984
0.06104;4.21143;-0.67139
-0.05994;0.08582;-0.99548
1.64795;6.71387;2.25830
0.06995;0.15454;-1.01270
2.80762;9.39941;2.38037
-0.01526;0.14343;-0.98596
1.40381;8.30078;0.06104
-0.18689;0.02490;-0.90503
2.31934;10.92529;-0.91553
0.13354;0.19446;-1.01379
5.67627;6.65283;1.46484
-0.16589;0.15820;-0.86206
1.83105;8.97217;-3.66211
0.13123;0.13879;-1.06348
5.79834;7.56836;6.10352
0.03357;0.24683;-0.91895
3.05176;8.85010;-3.78418
0.13989;0.09949;-1.07861
11.84082;8.66699;12.75635
0.07727;0.16541;-0.99915
1.40381;7.62939;0.12207
-0.07153;0.11902;-0.89758
-1.28174;16.11328;-9.82666
0.04749;-0.06982;-0.98315
-3.29590;13.67188;-7.93457
0.16614;0.18604;-1.00891
-0.79346;8.78906;-7.56836
0.30432;0.14905;-1.09900
-4.33350;7.75146;-9.82666
0.20056;0.25696;-1.04089
-2.38037;-3.29590;-9.33838
0.00439;0.08826;-0.99963
-3.78418;1.95312;-3.11279
0.14233;0.12183;-0.99255
-0.54932;4.76074;-2.07520
0.09644;0.11975;-1.00110
-0.00000;0.24414;-4.15039
0.10034;0.11914;-1.00232
0.12207;0.24414;-4.33350
0.10913;0.14160;-1.00049
0.73242;0.97656;-2.31934
0.12744;0.13367;-1.01196
1.34277;-0.61035;-5.00488
0.08411;0.15247;-1.00769
0.48828;1.15967;-4.76074
0.10596;0.16711;-1.03650
-0.12207;-2.74658;-3.84521
0.09888;0.14453;-1.00391
-1.52588;-4.08936;-3.11279
0.13013;0.10559;-1.03723
1.34277;-6.71387;3.78418
0.14282;0.14453;-1.00684
1.09863;-9.46045;7.14111
0.00208;0.07397;-1.00708
0.18311;-7.01904;19.34814
0.06982;0.19958;-0.96814
-0.73242;-9.58252;1.46484
0.09717;0.06934;-1.03052
-4.02832;-6.89697;3.11279
0.04749;0.13611;-0.96655
-2.25830;-9.58252;7.87354
0.00610;0.11292;-0.98022
-3.05176;-8.42285;6.46973
-0.00171;0.08081;-0.99316
-2.86865;-12.20703;5.67627
-0.02002;0.10034;-0.99683
-1.15967;-11.41357;2.86865
-0.06873;0.09680;-0.95862
-1.46484;-8.30078;1.77002
-0.06970;0.17932;-0.93750
-0.85449;-4.02832;-2.68555
-0.14551;0.07874;-0.93542
0.73242;4.27246;-2.13623
-0.03040;0.05066;-1.01367
0.61035;5.79834;1.58691
0.00916;0.13977;-0.98645
1.83105;6.10352;0.24414
-0.04883;0.04846;-0.99792
-0.06104;7.44629;-2.62451
-0.07812;0.09094;-0.95630
4.08936;11.35254;0.48828
0.01819;0.06238;-0.97412
1.83105;9.64355;-2.92969
-0.03003;0.07104;-0.98328
3.72314;9.76562;-2.25830
0.20544;0.24133;-1.00488
5.24902;15.62500;6.40869
0.07227;0.11377;-1.00146
-0.61035;9.46045;-2.25830
-0.01917;0.10803;-0.95227
-1.58691;11.35254;1.58691
0.18896;0.12756;-1.02039
-2.44141;6.40869;-2.07520
0.02710;0.11206;-0.95691
-2.68555;7.32422;-3.29590
0.13940;0.09827;-1.02014
-1.15967;9.09424;-3.72314
0.03333;0.06982;-0.99292
-2.07520;10.00977;-6.16455
0.19080;0.08215;-1.05530
-0.97656;7.08008;-3.29590
0.09583;0.20312;-1.03174
-1.15967;2.62451;-12.08496
0.11475;0.14429;-1.01221
-2.01416;2.31934;-4.94385
0.07361;0.07056;-1.00293
-0.91553;5.24902;-2.01416
0.15417;0.12463;-1.01331
2.50244;4.76074;-3.29590
0.14038;0.11938;-1.01538
1.28174;-0.67139;-3.05176
0.08679;0.11182;-0.99573
3.54004;1.09863;0.61035
0.12097;0.11194;-1.00500
2.19727;0.67139;-2.68555
0.10767;0.11768;-0.98999
3.84521;1.03760;0.85449
0.16345;0.11780;-1.04407
2.99072;-0.67139;-5.55420
0.10657;0.18762;-0.99976
2.44141;-1.28174;-2.80762
0.13501;0.09521;-1.06274
2.31934;0.67139;-3.66211
0.14514;0.16919;-1.03589
1.15967;-0.67139;4.21143
0.16602;0.16394;-1.01477
0.85449;-1.77002;7.01904
0.12976;0.11890;-1.02905
-0.79346;-8.91113;9.27734
0.10046;0.12463;-0.95142
-1.40381;-11.16943;9.33838
0.09070;0.06653;-0.96167
0.06104;-15.01465;11.71875
-0.03979;0.12207;-0.93042
-0.91553;-12.02393;10.13184
0.05151;0.11194;-0.97729
-0.12207;-10.86426;6.65283
-0.02026;0.09204;-0.97766
-0.06104;-11.71875;0.91553
-0.05566;0.12146;-0.93359
-0.00000;-9.82666;4.02832
-0.03979;0.10535;-0.94641
1.83105;-4.88281;-2.38037
-0.05737;0.14160;-0.96484
0.61035;-0.48828;-0.67139
-0.02539;0.06128;-1.00989
-0.12207;2.19727;0.91553
0.03992;0.14917;-0.98938
0.42725;2.13623;-1.28174
-0.06641;0.10266;-0.95618
-0.97656;3.90625;-2.80762
-0.13904;0.03748;-0.94153
0.36621;7.87354;-2.80762
-0.12915;0.10950;-0.89844
0.30518;10.31494;-4.63867
0.10828;0.02808;-0.97742
7.87354;17.70020;12.08496
0.22498;0.24109;-1.00378
2.38037;10.37598;-7.20215
0.16675;0.21021;-1.05383
2.50244;2.68555;-2.50244
0.00354;0.11267;-0.96960
-4.39453;2.01416;-7.20215
-0.03894;-0.07764;-1.04102
-2.31934;10.55908;-2.68555
0.14392;0.23413;-0.91382
-3.17383;10.74219;-0.73242
-0.07800;-0.11780;-1.02551
-5.12695;14.52637;-18.31055
0.24841;0.28845;-1.08252
-3.23486;5.31006;6.34766
0.07812;0.15320;-1.02307
-6.16455;0.85449;-15.50293
0.07922;0.06592;-1.03589
-2.62451;7.20215;1.70898
0.14148;0.15930;-1.01379
-2.74658;5.55420;-4.63867
0.11584;0.10266;-1.01038
-1.09863;3.54004;-2.80762
0.12903;0.08411;-1.01355
-0.61035;4.45557;-0.91553
0.13745;0.08301;-1.00281
0.42725;4.45557;1.64795
0.14380;0.06836;-1.00598
2.92969;-0.18311;-0.97656
0.11963;0.10132;-1.01538
3.60107;-0.67139;-2.68555
0.14197;0.15332;-1.02209
5.31006;0.24414;-2.74658
0.12219;0.12659;-1.03650
5.49316;-0.18311;-2.38037
0.11316;0.14429;-0.98718
2.44141;-2.25830;1.03760
0.14050;0.07812;-1.03857
3.54004;-4.69971;1.89209
0.13562;0.11182;-0.97070
2.62451;-5.12695;9.15527
0.11572;0.06641;-1.03186
2.99072;-4.02832;11.47461
0.14050;0.16174;-0.98083
2.99072;-7.50732;8.97217
0.07446;0.08264;-0.98218
0.79346;-7.69043;7.32422
0.09521;0.08801;-1.01086
0.12207;-11.77979;6.10352
0.09875;0.12646;-0.98938
-1.70898;-14.95361;-0.18311
-0.04382;0.09888;-0.95081
-1.70898;-12.32910;6.89697
-0.06982;0.10449;-0.92664
-1.28174;-7.38525;5.67627
-0.00220;0.10046;-0.97278
0.48828;-5.00488;0.30518
-0.00903;0.14978;-0.96594
1.03760;-4.21143;2.44141
0.03442;0.10437;-1.01282
-0.06104;-2.99072;1.15967
-0.02734;0.12524;-0.98315
0.48828;-0.24414;3.05176
-0.09302;0.05151;-0.97473
-0.42725;1.22070;-0.06104
-0.05664;0.06006;-0.98352
0.79346;4.94385;-1.95312
0.02808;0.15662;-0.97571
1.03760;6.65283;-1.77002
-0.08923;0.04150;-0.96716
0.24414;9.64355;-0.42725
-0.05505;0.06580;-0.93445
0.36621;8.66699;-4.57764
-0.07666;0.06970;-0.88513
3.54004;12.87842;-2.92969
0.15271;0.18042;-1.00012
7.56836;11.10840;4.76074
0.05591;0.20044;-0.97791
-1.83105;5.18799;-19.16504
0.14783;0.05579;-1.12805
-0.48828;11.84082;5.31006
0.17285;0.26514;-0.95874
-3.96729;7.81250;-4.82178
0.12573;-0.10437;-1.09192
-0.91553;7.69043;-7.26318
0.05286;0.19836;-0.89807
-2.31934;10.31494;0.79346
0.22607;-0.09265;-1.15881
-0.91553;11.41357;-6.77490
0.19861;0.33582;-1.00854
1.52588;-0.73242;-3.35693
0.04895;0.07092;-1.01721
-4.15039;2.44141;-6.46973
0.07007;0.08142;-0.96375
-2.92969;7.08008;1.15967
0.07715;0.08105;-0.97095
-0.42725;8.60596;2.62451
0.17981;0.12817;-1.03821
0.61035;4.69971;-2.19727
0.13037;0.08191;-1.00403
-0.48828;2.50244;0.00000
0.14392;0.08679;-0.99255
1.03760;-0.36621;-1.46484
0.11047;0.09644;-0.99231
2.01416;0.24414;-2.86865
0.14563;0.12451;-1.02197
3.05176;0.54932;-2.86865
0.13599;0.17322;-1.03931
4.82178;-1.34277;-7.20215
0.17126;0.12805;-0.98315
1.95312;-2.62451;0.73242
0.10339;0.10791;-1.01465
0.12207;-4.45557;-0.42725
0.14343;0.14294;-1.02307
3.54004;-6.16455;6.28662
0.12720;0.11487;-0.99023
0.61035;-4.69971;10.00977
0.09424;0.09204;-0.98071
2.01416;-4.94385;8.60596
0.07959;0.08008;-0.98828
2.44141;-6.77490;10.74219
0.05615;0.08801;-0.97424
-0.06104;-8.66699;1.58691
0.13245;0.12134;-1.01770
0.85449;-9.64355;9.21631
0.08765;0.13635;-0.99268
-0.73242;-8.36182;6.46973
0.00842;0.12305;-0.95776
-2.07520;-9.27734;6.28662
-0.01062;0.06042;-0.97729
-1.28174;-9.15527;0.30518
-0.00244;0.12622;-0.97375
0.30518;-8.17871;5.37109
-0.03064;0.10425;-0.97778
-1.03760;-5.85938;-3.11279
-0.07458;0.16504;-0.91724
0.30518;-1.64795;1.70898
-0.09045;0.02124;-0.97888
0.24414;4.76074;-1.40381
-0.00244;0.13684;-0.97107
2.44141;5.49316;4.21143
0.07800;0.04590;-1.04565
0.85449;7.62939;-3.54004
0.00269;0.12671;-0.97595
1.89209;6.77490;3.90625
-0.04785;0.07275;-0.94348
0.73242;8.60596;-5.67627
0.10376;0.05566;-1.01672
5.85938;10.49805;7.56836
0.10156;0.25818;-0.92810
3.41797;10.80322;-4.33350
0.13086;0.00488;-1.08081
0.48828;5.24902;-10.62012
0.09888;0.26282;-0.93091
0.30518;8.91113;-1.28174
-0.06226;-0.03516;-1.03040
-2.25830;13.36670;-16.78467
0.09326;0.10730;-1.01074
1.22070;10.74219;-2.38037
0.03699;0.14697;-0.90845
-6.59180;13.12256;-15.25879
0.24097;0.08923;-1.12537
2.31934;10.80322;5.12695
0.17249;0.34204;-0.95544
-4.27246;4.76074;-2.19727
0.14441;-0.00793;-1.10205
-1.22070;7.93457;12.39014
0.15808;0.18286;-0.97620
0.42725;6.34766;8.48389
0.14709;0.06287;-0.99927
-0.06104;2.74658;4.15039
0.12732;0.11511;-0.99854
-0.48828;2.01416;-0.12207
0.16028;0.08936;-0.97986
0.97656;0.12207;-2.31934
0.15588;0.10596;-1.01038
1.95312;-0.97656;-2.13623
0.23438;0.11292;-1.02881
0.67139;-2.38037;-6.04248
0.16052;0.16638;-1.00867
3.54004;-0.12207;-4.15039
0.11182;0.12415;-1.02966
1.52588;-4.39453;-1.52588
0.16748;0.11780;-1.03235
1.15967;-4.57764;6.71387
0.12354;0.11816;-0.97449
-0.54932;-9.58252;8.30078
0.08557;0.09119;-0.96240
3.54004;-7.44629;9.39941
0.07117;0.08936;-0.97327
2.07520;-6.83594;8.85010
0.07300;0.10144;-0.98486
0.67139;-7.26318;2.01416
0.12878;0.13269;-1.00122
1.09863;-7.26318;3.60107
0.08899;0.11377;-0.99768
-1.83105;-9.70459;4.82178
0.08850;0.09607;-1.01489
-2.01416;-13.67188;1.70898
0.03992;0.11963;-0.97302
-2.50244;-11.53564;2.31934
-0.02039;0.10461;-0.92249
-2.25830;-8.17871;5.73730
-0.00269;0.09021;-0.99707
-0.85449;-8.42285;3.05176
-0.02209;0.11169;-0.97778
-1.58691;-5.37109;0.54932
-0.07922;0.12012;-0.93860
-0.85449;-0.73242;3.05176
-0.04419;0.01465;-0.96826
-0.06104;5.85938;0.24414
0.04102;0.07410;-1.03088
1.95312;2.01416;1.52588
-0.04468;0.10840;-0.97351
-0.79346;4.88281;-4.08936
-0.02661;0.05029;-0.98975
1.52588;6.34766;-0.79346
-0.05713;0.13831;-0.93091
0.30518;10.37598;-7.14111
0.00122;-0.01050;-1.00061
5.92041;13.06152;-2.86865
0.09717;0.23950;-0.97864
7.75146;14.64844;4.45557
-0.01465;0.12537;-0.96399
7.50732;16.11328;1.83105
0.11096;0.13513;-1.00122
2.80762;16.41846;10.37598
-0.00867;0.07422;-0.92285
-3.72314;11.65771;-10.19287
0.11633;0.06348;-1.06226
3.54004;11.71875;0.85449
0.20435;0.18018;-1.00342
-4.27246;9.76562;-12.51221
0.16626;0.15833;-1.05371
1.83105;1.83105;-3.17383
0.10388;0.14539;-1.01208
-2.56348;0.91553;-7.08008
0.14722;0.08508;-1.01440
0.24414;5.73730;0.42725
0.15906;0.14612;-1.04675
0.36621;2.99072;-5.79834
0.06812;0.13745;-0.97302
-1.15967;5.73730;0.00000
0.19897;0.07312;-1.03088
0.67139;4.76074;-1.34277
0.13989;0.14368;-0.98462
-0.18311;0.42725;-4.27246
0.16760;0.11365;-1.00427
2.68555;2.56348;-0.24414
0.14514;0.15503;-1.01489
1.77002;0.97656;-5.37109
0.13782;0.14307;-0.97644
3.35693;0.97656;-3.11279
0.12939;0.11072;-1.03650
1.03760;-2.86865;-6.22559
0.13489;0.14539;-0.99414
2.01416;-1.46484;-3.35693
0.13953;0.10425;-1.04749
1.77002;-4.15039;-2.01416
0.13647;0.14832;-0.99548
1.83105;-4.21143;-0.61035
0.13025;0.06604;-1.02698
0.48828;-3.11279;6.28662
0.14636;0.17834;-0.96667
0.85449;-6.34766;5.12695
0.11340;0.10876;-1.01904
1.58691;-5.06592;3.47900
0.14990;0.15100;-0.98438
-0.85449;-8.42285;6.71387
0.16272;0.08911;-1.02417
-0.18311;-8.78906;10.37598
0.04065;0.14465;-0.93579
-1.70898;-12.69531;9.46045
0.02783;0.09070;-0.98328
-0.54932;-10.37598;5.12695
0.04797;0.18408;-0.94336
-1.70898;-10.86426;4.69971
-0.02185;0.01404;-1.03650
-2.19727;-12.81738;3.17383
-0.01160;0.15662;-0.93823
-0.42725;-11.23047;-0.18311
-0.03296;0.06213;-1.00452
0.18311;-9.58252;3.35693
-0.07568;0.19434;-0.92737
0.54932;-5.12695;0.24414
-0.04993;0.11707;-0.98962
0.54932;-0.12207;0.30518
-0.02161;0.10437;-0.98914
0.12207;1.64795;1.95312
0.03162;0.17566;-0.99329
1.22070;2.68555;4.51660
-0.03467;0.10669;-0.99194
-1.09863;1.77002;-2.31934
-0.04504;0.08704;-0.98474
0.30518;3.96729;-1.09863
-0.19556;0.09253;-0.85364
-1.03760;9.70459;-4.88281
-0.10889;0.01831;-0.95764
0.36621;13.06152;-2.62451
-0.19153;0.00574;-0.81299
5.00488;18.73779;-6.71387
0.25330;0.13770;-1.00732
12.93945;27.95410;4.88281
0.41394;0.45996;-1.05774
3.29590;8.42285;-3.78418
-0.04028;0.06079;-1.00146
-9.52148;3.96729;-15.44189
0.14661;0.18909;-1.02844
1.70898;9.76562;12.14600
-0.00806;0.06494;-0.92493
-6.28662;11.59668;-15.19775
0.24072;0.00208;-1.17700
0.85449;5.24902;6.22559
0.16406;0.25317;-0.97803
-3.35693;4.63867;-7.81250
0.01868;0.00024;-0.96069
-3.23486;6.89697;0.61035
0.13318;0.11414;-1.00586
-2.86865;9.15527;5.24902
0.23291;0.16479;-1.05591
-1.52588;4.45557;-9.09424
0.12073;0.07434;-1.00220
-4.27246;1.46484;-6.34766
0.12415;0.11096;-0.99011
1.70898;6.10352;0.12207
0.11597;0.10620;-1.01123
-1.28174;0.30518;-4.39453
0.13892;0.11145;-1.01770
1.34277;0.67139;-0.18311
0.23499;0.10571;-1.06506
3.29590;-2.38037;-2.38037
0.11743;0.17395;-1.02039
5.49316;-0.79346;-8.54492
0.11292;0.20142;-1.00952
4.08936;-2.86865;5.73730
0.09265;0.09363;-1.02307
-0.30518;-2.92969;4.57764
0.10291;0.07092;-0.98096
1.40381;0.30518;11.90186
0.09692;0.09583;-0.96130
2.38037;-3.54004;10.62012
0.07251;0.06335;-1.02014
2.25830;-6.16455;2.74658
0.15845;0.19531;-0.99915
2.19727;-5.98145;2.86865
0.12244;0.08813;-1.01965
0.85449;-5.98145;8.78906
0.03796;0.10522;-0.97192
-1.15967;-8.85010;0.73242
0.11243;0.15002;-0.99890
0.24414;-10.31494;4.57764
0.10059;0.06372;-1.05042
-2.62451;-13.73291;3.05176
0.03955;0.13257;-1.00342
-1.64795;-15.99121;2.07520
-0.00305;0.04822;-1.02783
-3.17383;-21.72852;-1.64795
-0.07104;0.13538;-0.94165
0.12207;-15.44189;-4.27246
-0.14209;0.13000;-0.90747
0.48828;-6.04248;-0.42725
-0.07263;0.19971;-0.92761
1.58691;2.01416;2.68555
0.00342;0.07483;-1.03735
0.24414;1.03760;2.80762
-0.05200;0.14014;-0.96179
0.85449;1.58691;-1.22070
-0.07812;0.05310;-0.99036
0.42725;3.66211;-2.44141
-0.07532;0.08691;-0.98206
2.68555;9.03320;8.23975
0.14160;0.17188;-1.02161
5.37109;9.70459;6.04248
-0.04272;0.11670;-0.96228
-1.52588;9.33838;-9.58252
-0.12842;0.09814;-0.91077
1.52588;9.46045;-0.67139
0.02271;0.05579;-0.98083
2.86865;12.87842;-2.99072
-0.00830;0.10510;-0.89575
5.85938;20.56885;3.47900
0.17761;0.21582;-1.05640
6.34766;7.56836;-2.01416
0.26672;0.29028;-1.04590
11.71875;1.40381;-1.64795
-0.03137;0.14819;-0.86633
-4.02832;6.83594;-19.77539
0.14929;-0.28613;-1.13086
3.90625;14.34326;-3.90625
0.19983;0.41553;-0.90991
1.09863;10.55908;-0.12207
0.08667;-0.09302;-1.19104
-3.05176;18.31055;-13.67188
0.20337;0.37012;-1.00964
2.50244;4.15039;4.63867
0.03418;0.13123;-0.96448
-3.90625;7.99561;-4.51660
0.11621;0.09912;-0.98938
-2.80762;8.66699;6.10352
0.22583;0.17859;-1.04919
1.52588;5.55420;-3.78418
0.16309;0.13025;-0.99731
-0.42725;3.05176;2.56348
0.09497;0.11804;-0.99036
2.80762;0.91553;0.42725
0.19946;0.15857;-1.03845
2.38037;-3.41797;-7.44629
0.11475;0.21045;-0.97998
2.44141;-3.72314;-3.60107
0.18823;0.07776;-1.04736
2.68555;-2.80762;-1.15967
0.08533;0.18518;-0.95239
1.28174;-4.08936;-0.97656
0.08875;0.10571;-0.99634
1.83105;-4.27246;0.24414
0.10095;0.13245;-0.98071
0.79346;-5.37109;3.11279
0.12927;0.11609;-1.02588
1.15967;-1.89209;5.98145
0.17883;0.17407;-1.05212
0.67139;-9.64355;1.64795
0.14905;0.14282;-1.02893
-0.85449;-8.91113;6.16455
0.04932;0.12073;-0.96765
-5.00488;-14.95361;1.22070
-0.03687;0.13989;-0.89441
-2.74658;-16.66260;8.17871
0.00476;0.06628;-1.00256
-2.38037;-13.97705;2.19727
0.00024;0.18530;-0.98486
-0.67139;-12.14600;7.32422
0.00342;0.10547;-1.00562
-2.74658;-12.75635;1.89209
-0.03625;0.15051;-0.96118
-2.25830;-11.47461;5.67627
-0.12671;0.12244;-0.93872
-1.46484;-6.34766;1.89209
-0.09119;0.07104;-0.98914
-0.97656;-0.91553;-0.06104
-0.00793;0.09277;-1.02039
-0.48828;0.30518;-0.30518
-0.03345;0.17297;-0.96887
-0.36621;1.95312;2.38037
-0.03027;0.08923;-1.00049
-0.67139;1.64795;-2.01416
-0.07263;0.10120;-0.97925
-0.18311;2.99072;-0.61035
-0.06238;0.12952;-0.95898
-0.36621;6.83594;-1.77002
-0.32056;0.01978;-0.82507
-0.42725;15.74707;-5.73730
-0.13257;0.06238;-0.89294
5.12695;16.78467;1.15967
0.06689;0.22351;-1.00684
7.62939;22.15576;-2.80762
0.31299;0.21716;-1.12122
4.27246;12.87842;4.63867
0.18799;0.19751;-1.04883
-1.34277;4.82178;-0.18311
-0.15637;-0.03076;-0.95178
-2.25830;12.81738;-9.15527
0.02979;0.04309;-0.93811
-0.48828;12.45117;-1.95312
0.02307;0.04834;-1.00037
-1.64795;14.52637;-17.15088
0.19531;0.16174;-1.09839
0.54932;6.22559;-7.08008
0.19995;0.26917;-1.07263
-3.47900;0.00000;-13.42773
0.11670;0.13013;-0.99622
-0.30518;4.57764;1.58691
0.06909;0.10706;-0.96753
-2.50244;4.82178;-1.22070
0.09241;0.01282;-1.06995
-2.13623;5.61523;2.13623
0.11658;0.22168;-0.99451
1.77002;1.83105;1.09863
0.08899;0.06824;-0.98865
-1.95312;1.58691;-2.92969
0.09790;0.12524;-1.00220
2.01416;1.46484;-4.63867
0.10437;0.12561;-1.00452
1.64795;0.97656;-4.82178
0.08459;0.15759;-1.03503
0.85449;-3.54004;-8.36182
0.14966;0.15332;-1.03174
2.62451;1.95312;-0.85449
0.12585;0.11658;-1.06494
0.79346;-1.46484;-6.53076
0.12097;0.16833;-1.01147
3.72314;-2.44141;5.73730
0.08594;0.15601;-1.02673
1.70898;-5.55420;4.33350
0.11414;0.10303;-0.98120
3.23486;-4.02832;12.69531
0.10742;0.08276;-1.01611
0.61035;-3.66211;11.59668
0.09290;0.13989;-0.99341
1.70898;-8.54492;13.67188
0.06873;0.09595;-0.98938
-0.67139;-6.77490;10.13184
0.00598;0.09106;-0.96387
-0.36621;-10.80322;9.39941
0.08459;0.11694;-0.99841
0.36621;-10.92529;7.26318
0.02710;0.08740;-0.98853
-1.58691;-11.16943;2.07520
0.01428;0.19446;-0.97607
-0.48828;-12.81738;6.89697
-0.00037;0.02356;-1.02588
-5.24902;-16.78467;-1.89209
-0.12292;0.07556;-0.93140
-4.15039;-17.21191;-0.61035
-0.06836;0.18628;-0.91553
-0.91553;-5.61523;2.01416
-0.13354;0.07361;-0.94653
0.85449;-0.67139;-0.18311
-0.05908;0.00757;-1.02954
0.85449;-0.48828;0.00000
-0.05811;0.16113;-0.96448
2.31934;1.34277;0.06104
-0.03137;0.11157;-1.00281
-0.54932;4.02832;-1.58691
-0.08252;0.13855;-0.94934
1.52588;2.25830;-0.24414
-0.00879;0.13330;-0.99719
1.34277;8.78906;-2.31934
-0.13171;0.06604;-0.93396
-0.36621;12.57324;-4.57764
-0.06079;0.00171;-1.03174
1.22070;13.54980;-5.06592
-0.14697;0.15234;-0.82800
1.64795;13.42773;-0.61035
0.08472;0.08533;-1.00134
11.10840;26.67236;10.00977
0.33264;0.27197;-1.08167
-0.54932;9.27734;-6.77490
0.09106;0.10193;-1.04016
-5.85938;7.62939;-16.47949
0.17664;0.10388;-1.04761
5.49316;5.67627;3.41797
-0.10205;0.14148;-0.83533
-2.80762;16.96777;-13.61084
0.21265;-0.09973;-1.10254
0.36621;16.11328;-9.21631
0.14624;0.38867;-0.96936
-2.56348;6.83594;-9.76562
0.09619;-0.03125;-1.03955
-4.27246;6.65283;-1.70898
0.14124;0.21301;-1.02246
-0.24414;5.67627;3.35693
0.09998;0.08997;-1.01233
-1.03760;6.71387;-5.18799
0.11121;0.13318;-0.98706
0.30518;6.34766;2.19727
0.15454;0.09570;-1.01343
3.41797;3.11279;-0.91553
0.13049;0.12915;-0.98926
2.86865;1.22070;-1.40381
0.09937;0.13831;-1.01550
4.27246;0.48828;-2.92969
0.15002;0.16443;-1.02905
2.68555;0.85449;-1.40381
0.17908;0.16150;-1.02209
0.85449;1.22070;3.17383
0.16589;0.11084;-0.99780
3.29590;-1.89209;10.49805
0.13818;0.11133;-1.02954
2.74658;-8.60596;10.80322
0.06628;0.13867;-0.95654
4.45557;-10.55908;23.92578
0.07898;0.06726;-0.98450
0.48828;-7.62939;10.80322
0.07166;0.16589;-0.94836
1.28174;-8.36182;8.42285
0.04529;0.10095;-0.98682
-0.36621;-5.92041;0.61035
0.10706;0.15894;-1.00574
0.06104;-9.03320;1.52588
0.04541;0.07739;-1.00525
-1.70898;-10.98633;-2.68555
0.09912;0.15710;-0.99646
-1.58691;-14.03809;1.70898
0.09106;0.09595;-1.02612
-2.92969;-11.53564;-2.44141
-0.05396;0.14355;-0.95337
-3.90625;-19.71436;-4.88281
-0.03955;0.13245;-0.97119
-0.73242;-14.28223;-4.15039
-0.09729;0.07361;-0.97107
-1.34277;-10.55908;-0.73242
-0.01904;0.15771;-0.94446
1.22070;-6.46973;2.01416
-0.11475;0.12903;-0.94885
-0.24414;-3.11279;2.38037
-0.09229;0.03223;-1.00281
-0.30518;-0.54932;0.85449
-0.08606;0.13062;-0.97559
0.54932;-0.42725;-0.18311
-0.05847;0.09131;-1.00024
1.09863;4.15039;0.48828
-0.06213;0.09949;-0.98511
-0.00000;2.31934;0.24414
-0.14478;0.11804;-0.93420
-0.73242;7.26318;1.22070
-0.08105;0.09912;-0.99146
0.91553;7.93457;-1.09863
-0.01660;0.10742;-1.00635
0.91553;10.49805;-3.60107
-0.06396;0.08557;-0.98584
2.44141;11.41357;-2.38037
-0.10840;0.00928;-0.96680
2.86865;13.85498;-3.11279
0.11743;0.11865;-1.02148
9.03320;17.70020;5.24902
0.08093;0.26746;-0.94226
5.79834;17.94434;0.85449
0.13477;0.15332;-1.09485
0.61035;13.85498;2.01416
0.04297;0.19189;-0.93945
-2.86865;9.70459;-2.07520
-0.10938;-0.01697;-0.90881
-4.33350;12.39014;-11.41357
0.12952;0.07080;-0.98242
-11.16943;15.80811;-12.02393
0.12439;0.03357;-1.02844
-7.62939;23.80371;-17.51709
0.28894;0.34631;-1.12195
-2.44141;7.44629;0.30518
0.12280;0.17407;-1.00244
-14.09912;4.39453;-8.85010
0.11047;0.02368;-0.99255
-8.60596;5.37109;9.03320
0.15417;0.05151;-1.02173
-4.39453;1.46484;-0.06104
0.14795;0.08752;-1.00049
-0.79346;-0.24414;-1.09863
0.10852;0.05383;-0.99084
-2.56348;-1.34277;-3.54004
0.12329;0.05627;-1.00049
-1.40381;-0.97656;-5.98145
0.11902;0.11462;-1.00244
1.28174;-0.79346;-4.33350
0.12988;0.05481;-1.02148
1.40381;0.61035;-1.95312
0.17249;0.12830;-1.03809
4.63867;-0.91553;-5.00488
0.07764;0.09216;-1.01794
3.96729;-2.62451;-1.58691
0.11670;0.11121;-1.04358
4.57764;-4.27246;5.43213
0.08459;0.11646;-0.99573
4.69971;-7.50732;10.13184
0.13684;0.06384;-1.02649
5.49316;-4.88281;13.61084
0.09229;0.08521;-0.99524
5.37109;-5.85938;9.88770
0.13074;0.15979;-0.97119
4.69971;-6.28662;13.48877
0.12927;0.04138;-1.03186
0.24414;-5.31006;14.28223
0.03479;0.11133;-0.94788
-1.15967;-9.15527;14.77051
-0.06897;0.13745;-0.95544
-2.50244;-6.53076;5.12695
-0.04651;0.07397;-0.92224
-1.15967;-6.34766;4.02832
-0.05786;0.09644;-0.94165
0.61035;-3.35693;4.57764
-0.01160;0.07178;-0.99683
2.80762;-0.30518;0.61035
0.04602;0.06250;-1.02087
3.11279;0.61035;3.84521
0.08496;0.17163;-0.98682
2.44141;-0.12207;4.27246
0.02832;0.09509;-0.99524
1.46484;-2.19727;-1.89209
-0.04883;0.10339;-0.94824
0.42725;0.61035;-2.01416
0.02515;0.08643;-1.01978
1.09863;0.00000;-1.40381
0.00574;0.09656;-0.99060
-0.48828;1.46484;-3.29590
0.00427;0.09924;-0.98401
0.61035;4.51660;0.06104
-0.02490;0.06836;-0.97925
0.24414;5.55420;-2.86865
-0.11353;0.03381;-0.91736
0.48828;8.23975;-3.35693
0.12939;0.13611;-1.01294
5.31006;9.46045;-0.61035
0.17590;0.28040;-0.99561
1.46484;8.91113;-4.27246
0.15796;0.10425;-1.07947
-0.91553;6.40869;8.78906
0.01367;0.04614;-0.96338
-2.80762;6.53076;1.58691
0.07739;0.04639;-1.01038
0.67139;5.43213;1.46484
0.09143;0.16223;-0.97351
-0.12207;3.78418;0.67139
0.11157;0.07471;-1.02942
0.48828;1.83105;0.06104
0.07251;0.10510;-0.97168
-0.12207;2.68555;-2.74658
0.01990;0.06921;-0.96204
-0.18311;3.47900;-5.67627
0.04834;0.09644;-0.97546
0.42725;5.92041;-6.65283
0.13220;0.13342;-1.00012
2.31934;8.23975;2.62451
0.12036;0.11743;-0.99341
0.24414;8.91113;-3.78418
0.13757;0.09521;-1.00098
0.30518;8.05664;-4.63867
0.04187;0.10034;-0.95532
-1.09863;9.70459;-6.40869
0.20154;0.12610;-1.04004
-0.67139;6.71387;-6.34766
0.12292;0.15271;-0.96704
-2.86865;6.89697;-6.53076
0.17590;0.05359;-1.02161
-1.95312;1.15967;-5.12695
0.07971;0.14075;-0.94373
-3.17383;1.64795;-6.34766
0.15369;0.05786;-1.03943
-2.25830;3.05176;-5.61523
0.15063;0.17371;-0.98828
-1.46484;2.38037;-2.19727
0.12732;0.05237;-1.02283
-1.09863;1.40381;-3.05176
0.13086;0.10730;-0.97827
-0.12207;0.79346;-0.48828
0.12244;0.10254;-0.99011
0.30518;1.03760;-0.48828
0.12756;0.07507;-0.99805
-0.91553;1.34277;-1.70898
0.11523;0.11694;-0.97803
-0.36621;1.83105;1.34277
0.14539;0.06604;-1.00159
-0.73242;1.15967;-0.85449
0.13220;0.10034;-0.98413
-0.54932;2.13623;0.73242
0.11743;0.08875;-0.98804
-1.03760;1.09863;-2.68555
0.18115;0.10974;-1.01013
0.24414;2.07520;-1.28174
0.13586;0.09399;-0.98877
-0.36621;-0.30518;-4.08936
0.14441;0.07019;-1.00452
-1.15967;-1.22070;-4.76074
0.11340;0.11682;-0.98633
0.36621;-0.18311;-2.31934
0.12488;0.05713;-0.99438
0.12207;1.52588;-2.99072
0.13574;0.10022;-0.98572
1.03760;2.07520;-1.15967
0.12988;0.09717;-0.98792
2.38037;2.56348;1.58691
0.14502;0.07568;-0.98889
1.95312;1.95312;0.67139
0.13867;0.10718;-0.98596
2.31934;2.07520;0.54932
0.14502;0.08936;-0.99500
1.70898;1.89209;-1.03760
0.14075;0.09106;-0.98462
2.07520;1.70898;-0.67139
0.14868;0.11353;-0.99219
1.77002;1.77002;-1.03760
0.13647;0.09290;-0.99524
0.24414;1.77002;-1.77002
0.14661;0.10229;-0.98621
1.95312;1.40381;0.42725
0.14185;0.09888;-0.98828
1.40381;1.58691;0.24414
0.14026;0.10791;-0.98450
0.73242;1.70898;0.85449
0.13574;0.09607;-0.98767
0.97656;2.99072;2.01416
